steps,episode,total_return,episode_len,episode_return,total_upright,best_episode_reward,mean_greedy_rewards,std_greedy_rewards
201.0000,0.0000,-12.7000,201.0000,-12.7000,0.0000,-12.7000,0.0000,0.0000
291.0000,1.0000,-20.7000,90.0000,-8.0000,0.0000,-8.0000,0.0000,0.0000
699.0000,2.0000,-32.5000,408.0000,-11.8000,0.0000,-8.0000,0.0000,0.0000
963.0000,3.0000,-44.6000,264.0000,-12.1000,0.0000,-8.0000,0.0000,0.0000
1062.0000,4.0000,-52.5000,99.0000,-7.9000,0.0000,-7.9000,0.0000,0.0000
1312.0000,5.0000,-70.5000,250.0000,-18.0000,0.0000,-7.9000,0.0000,0.0000
1481.0000,6.0000,-85.6000,169.0000,-15.1000,0.0000,-7.9000,0.0000,0.0000
1626.0000,7.0000,-95.0000,145.0000,-9.4000,0.0000,-7.9000,0.0000,0.0000
1859.0000,8.0000,-112.4000,233.0000,-17.4000,0.0000,-7.9000,0.0000,0.0000
2094.0000,9.0000,-124.2000,235.0000,-11.8000,0.0000,-7.9000,0.0000,0.0000
2383.0000,10.0000,-146.4000,289.0000,-22.2000,0.0000,-7.9000,-9.7400,0.2798
2484.0000,11.0000,-152.7000,101.0000,-6.3000,0.0000,-6.3000,-9.7400,0.2798
2587.0000,12.0000,-163.0000,103.0000,-10.3000,0.0000,-6.3000,-9.7400,0.2798
2771.0000,13.0000,-171.4000,184.0000,-8.4000,0.0000,-6.3000,-9.7400,0.2798
2929.0000,14.0000,-184.4000,158.0000,-13.0000,0.0000,-6.3000,-9.7400,0.2798
3142.0000,15.0000,-199.2000,213.0000,-14.8000,0.0000,-6.3000,-9.7400,0.2798
3541.0000,16.0000,-212.1000,399.0000,-12.9000,0.0000,-6.3000,-9.7400,0.2798
3806.0000,17.0000,-229.2000,265.0000,-17.1000,0.0000,-6.3000,-9.7400,0.2798
3895.0000,18.0000,-238.1000,89.0000,-8.9000,0.0000,-6.3000,-9.7400,0.2798
4098.0000,19.0000,-248.8000,203.0000,-10.7000,0.0000,-6.3000,-9.7400,0.2798
4214.0000,20.0000,-254.2000,116.0000,-5.4000,0.0000,-5.4000,-12.2250,0.0910
4317.0000,21.0000,-264.1000,103.0000,-9.9000,0.0000,-5.4000,-12.2250,0.0910
4479.0000,22.0000,-272.2000,162.0000,-8.1000,0.0000,-5.4000,-12.2250,0.0910
4591.0000,23.0000,-281.6000,112.0000,-9.4000,0.0000,-5.4000,-12.2250,0.0910
4807.0000,24.0000,-293.7000,216.0000,-12.1000,0.0000,-5.4000,-12.2250,0.0910
5220.0000,25.0000,-310.2000,413.0000,-16.5000,0.0000,-5.4000,-12.2250,0.0910
5324.0000,26.0000,-317.2000,104.0000,-7.0000,0.0000,-5.4000,-12.2250,0.0910
5462.0000,27.0000,-324.3000,138.0000,-7.1000,0.0000,-5.4000,-12.2250,0.0910
5555.0000,28.0000,-332.7000,93.0000,-8.4000,0.0000,-5.4000,-12.2250,0.0910
5648.0000,29.0000,-340.3000,93.0000,-7.6000,0.0000,-5.4000,-12.2250,0.0910
6154.0000,30.0000,-361.9000,506.0000,-21.6000,0.0000,-5.4000,-8.4300,0.0801
6381.0000,31.0000,-379.4000,227.0000,-17.5000,0.0000,-5.4000,-8.4300,0.0801
6508.0000,32.0000,-388.9000,127.0000,-9.5000,0.0000,-5.4000,-8.4300,0.0801
6682.0000,33.0000,-400.5000,174.0000,-11.6000,0.0000,-5.4000,-8.4300,0.0801
6852.0000,34.0000,-414.3000,170.0000,-13.8000,0.0000,-5.4000,-8.4300,0.0801
7019.0000,35.0000,-423.9000,167.0000,-9.6000,0.0000,-5.4000,-8.4300,0.0801
7147.0000,36.0000,-432.0000,128.0000,-8.1000,0.0000,-5.4000,-8.4300,0.0801
7236.0000,37.0000,-439.0000,89.0000,-7.0000,0.0000,-5.4000,-8.4300,0.0801
7761.0000,38.0000,-455.8000,525.0000,-16.8000,0.0000,-5.4000,-8.4300,0.0801
7863.0000,39.0000,-464.9000,102.0000,-9.1000,0.0000,-5.4000,-8.4300,0.0801
8186.0000,40.0000,-479.2000,323.0000,-14.3000,0.0000,-5.4000,0.0000,0.0000
8301.0000,41.0000,-487.4000,115.0000,-8.2000,0.0000,-5.4000,0.0000,0.0000
8452.0000,42.0000,-497.3000,151.0000,-9.9000,0.0000,-5.4000,0.0000,0.0000
8566.0000,43.0000,-506.0000,114.0000,-8.7000,0.0000,-5.4000,0.0000,0.0000
9048.0000,44.0000,-522.1000,482.0000,-16.1000,10.8000,-5.4000,0.0000,0.0000
9277.0000,45.0000,-528.5000,229.0000,-6.4000,0.0000,-5.4000,0.0000,0.0000
9654.0000,46.0000,-565.8000,377.0000,-37.3000,0.0000,-5.4000,0.0000,0.0000
10253.0000,47.0000,-587.9000,599.0000,-22.1000,0.0000,-5.4000,0.0000,0.0000
10392.0000,48.0000,-597.7000,139.0000,-9.8000,0.0000,-5.4000,0.0000,0.0000
10861.0000,49.0000,-625.8000,469.0000,-28.1000,0.0000,-5.4000,0.0000,0.0000
11168.0000,50.0000,-642.5000,307.0000,-16.7000,0.0000,-5.4000,-11.4150,9.2040
12169.0000,51.0000,-670.2000,1001.0000,-27.7000,0.9000,-5.4000,-11.4150,9.2040
12260.0000,52.0000,-678.1000,91.0000,-7.9000,0.0000,-5.4000,-11.4150,9.2040
12500.0000,53.0000,-691.2000,240.0000,-13.1000,0.0000,-5.4000,-11.4150,9.2040
12653.0000,54.0000,-696.6000,153.0000,-5.4000,0.0000,-5.4000,-11.4150,9.2040
12871.0000,55.0000,-712.0000,218.0000,-15.4000,0.0000,-5.4000,-11.4150,9.2040
13173.0000,56.0000,-724.7000,302.0000,-12.7000,0.0000,-5.4000,-11.4150,9.2040
14174.0000,57.0000,-729.8000,1001.0000,-5.1000,0.0000,-5.1000,-11.4150,9.2040
14450.0000,58.0000,-735.1000,276.0000,-5.3000,0.0000,-5.1000,-11.4150,9.2040
15246.0000,59.0000,-760.7000,796.0000,-25.6000,0.0000,-5.1000,-11.4150,9.2040
15651.0000,60.0000,-787.5000,405.0000,-26.8000,0.0000,-5.1000,-36.4650,6.1041
15808.0000,61.0000,-797.9000,157.0000,-10.4000,0.0000,-5.1000,-36.4650,6.1041
16809.0000,62.0000,-853.0000,1001.0000,-55.1000,0.0000,-5.1000,-36.4650,6.1041
17059.0000,63.0000,-861.4000,250.0000,-8.4000,0.0000,-5.1000,-36.4650,6.1041
17893.0000,64.0000,-912.9000,834.0000,-51.5000,0.0000,-5.1000,-36.4650,6.1041
18261.0000,65.0000,-937.1000,368.0000,-24.2000,0.0000,-5.1000,-36.4650,6.1041
18812.0000,66.0000,-955.3000,551.0000,-18.2000,0.0000,-5.1000,-36.4650,6.1041
19350.0000,67.0000,-986.8000,538.0000,-31.5000,0.0000,-5.1000,-36.4650,6.1041
20031.0000,68.0000,-1034.4000,681.0000,-47.6000,0.0000,-5.1000,-36.4650,6.1041
20203.0000,69.0000,-1046.1000,172.0000,-11.7000,0.0000,-5.1000,-36.4650,6.1041
20621.0000,70.0000,-1070.1000,418.0000,-24.0000,0.0000,-5.1000,-29.9750,5.7858
20726.0000,71.0000,-1078.1000,105.0000,-8.0000,0.0000,-5.1000,-29.9750,5.7858
20928.0000,72.0000,-1090.4000,202.0000,-12.3000,0.0000,-5.1000,-29.9750,5.7858
21195.0000,73.0000,-1103.6000,267.0000,-13.2000,0.0000,-5.1000,-29.9750,5.7858
21625.0000,74.0000,-1130.2000,430.0000,-26.6000,0.0000,-5.1000,-29.9750,5.7858
21905.0000,75.0000,-1138.2000,280.0000,-8.0000,0.0000,-5.1000,-29.9750,5.7858
22503.0000,76.0000,-1172.5000,598.0000,-34.3000,0.0000,-5.1000,-29.9750,5.7858
23237.0000,77.0000,-1226.1000,734.0000,-53.6000,0.0000,-5.1000,-29.9750,5.7858
23371.0000,78.0000,-1235.4000,134.0000,-9.3000,0.0000,-5.1000,-29.9750,5.7858
24098.0000,79.0000,-1260.4000,727.0000,-25.0000,0.0000,-5.1000,-29.9750,5.7858
24592.0000,80.0000,-1298.0000,494.0000,-37.6000,0.0000,-5.1000,-14.4750,7.5141
25164.0000,81.0000,-1309.3000,572.0000,-11.3000,16.9000,-5.1000,-14.4750,7.5141
25514.0000,82.0000,-1328.8000,350.0000,-19.5000,0.0000,-5.1000,-14.4750,7.5141
26515.0000,83.0000,-1377.1000,1001.0000,-48.3000,0.0000,-5.1000,-14.4750,7.5141
27410.0000,84.0000,-1422.7000,895.0000,-45.6000,0.0000,-5.1000,-14.4750,7.5141
27685.0000,85.0000,-1431.7000,275.0000,-9.0000,0.0000,-5.1000,-14.4750,7.5141
28427.0000,86.0000,-1471.0000,742.0000,-39.3000,0.0000,-5.1000,-14.4750,7.5141
29428.0000,87.0000,-1526.2000,1001.0000,-55.2000,8.1000,-5.1000,-14.4750,7.5141
30253.0000,88.0000,-1521.3000,825.0000,4.9000,46.4000,4.9000,-14.4750,7.5141
31254.0000,89.0000,-1537.9000,1001.0000,-16.6000,39.9000,4.9000,-14.4750,7.5141
32255.0000,90.0000,-1585.2000,1001.0000,-47.3000,0.0000,4.9000,-0.0150,0.0671
32970.0000,91.0000,-1615.6000,715.0000,-30.4000,0.0000,4.9000,-0.0150,0.0671
33971.0000,92.0000,-1669.9000,1001.0000,-54.3000,0.0000,4.9000,-0.0150,0.0671
34451.0000,93.0000,-1669.3000,480.0000,0.6000,19.8000,4.9000,-0.0150,0.0671
34889.0000,94.0000,-1691.3000,438.0000,-22.0000,0.0000,4.9000,-0.0150,0.0671
35890.0000,95.0000,-1746.0000,1001.0000,-54.7000,0.0000,4.9000,-0.0150,0.0671
36647.0000,96.0000,-1778.8000,757.0000,-32.8000,9.0000,4.9000,-0.0150,0.0671
37191.0000,97.0000,-1805.6000,544.0000,-26.8000,0.0000,4.9000,-0.0150,0.0671
37497.0000,98.0000,-1824.0000,306.0000,-18.4000,0.0000,4.9000,-0.0150,0.0671
38274.0000,99.0000,-1882.4000,777.0000,-58.4000,0.0000,4.9000,-0.0150,0.0671
38693.0000,100.0000,-1898.2000,419.0000,-15.8000,0.0000,4.9000,-3.4550,6.9661
39694.0000,101.0000,-1963.3000,1001.0000,-65.1000,0.0000,4.9000,-3.4550,6.9661
40094.0000,102.0000,-1983.9000,400.0000,-20.6000,0.0000,4.9000,-3.4550,6.9661
41045.0000,103.0000,-1975.2000,951.0000,8.7000,68.4000,8.7000,-3.4550,6.9661
41469.0000,104.0000,-1994.7000,424.0000,-19.5000,0.0000,8.7000,-3.4550,6.9661
41636.0000,105.0000,-2005.7000,167.0000,-11.0000,0.0000,8.7000,-3.4550,6.9661
42226.0000,106.0000,-2026.7000,590.0000,-21.0000,4.9000,8.7000,-3.4550,6.9661
42640.0000,107.0000,-2041.3000,414.0000,-14.6000,0.0000,8.7000,-3.4550,6.9661
43065.0000,108.0000,-2064.6000,425.0000,-23.3000,0.0000,8.7000,-3.4550,6.9661
43503.0000,109.0000,-2085.2000,438.0000,-20.6000,0.0000,8.7000,-3.4550,6.9661
44302.0000,110.0000,-2126.3000,799.0000,-41.1000,0.0000,8.7000,-0.0300,0.1342
44670.0000,111.0000,-2140.8000,368.0000,-14.5000,0.0000,8.7000,-0.0300,0.1342
44951.0000,112.0000,-2151.2000,281.0000,-10.4000,0.0000,8.7000,-0.0300,0.1342
45631.0000,113.0000,-2188.9000,680.0000,-37.7000,0.0000,8.7000,-0.0300,0.1342
46390.0000,114.0000,-2224.7000,759.0000,-35.8000,0.0000,8.7000,-0.0300,0.1342
46577.0000,115.0000,-2235.3000,187.0000,-10.6000,0.0000,8.7000,-0.0300,0.1342
46992.0000,116.0000,-2260.5000,415.0000,-25.2000,0.0000,8.7000,-0.0300,0.1342
47373.0000,117.0000,-2283.2000,381.0000,-22.7000,0.0000,8.7000,-0.0300,0.1342
48374.0000,118.0000,-2320.4000,1001.0000,-37.2000,15.0000,8.7000,-0.0300,0.1342
48754.0000,119.0000,-2338.1000,380.0000,-17.7000,0.0000,8.7000,-0.0300,0.1342
49048.0000,120.0000,-2354.9000,294.0000,-16.8000,0.0000,8.7000,-35.2300,22.5792
50049.0000,121.0000,-2396.5000,1001.0000,-41.6000,0.0000,8.7000,-35.2300,22.5792
50533.0000,122.0000,-2426.3000,484.0000,-29.8000,0.0000,8.7000,-35.2300,22.5792
50947.0000,123.0000,-2448.5000,414.0000,-22.2000,0.0000,8.7000,-35.2300,22.5792
51433.0000,124.0000,-2467.1000,486.0000,-18.6000,0.0000,8.7000,-35.2300,22.5792
52004.0000,125.0000,-2503.2000,571.0000,-36.1000,0.0000,8.7000,-35.2300,22.5792
52506.0000,126.0000,-2517.1000,502.0000,-13.9000,11.7000,8.7000,-35.2300,22.5792
53018.0000,127.0000,-2530.8000,512.0000,-13.7000,0.0000,8.7000,-35.2300,22.5792
53677.0000,128.0000,-2560.0000,659.0000,-29.2000,9.9000,8.7000,-35.2300,22.5792
54678.0000,129.0000,-2530.4000,1001.0000,29.6000,78.8000,29.6000,-35.2300,22.5792
55679.0000,130.0000,-2580.0000,1001.0000,-49.6000,12.2000,29.6000,-27.4100,27.1558
55929.0000,131.0000,-2589.7000,250.0000,-9.7000,0.0000,29.6000,-27.4100,27.1558
56276.0000,132.0000,-2605.4000,347.0000,-15.7000,0.0000,29.6000,-27.4100,27.1558
57277.0000,133.0000,-2677.1000,1001.0000,-71.7000,0.0000,29.6000,-27.4100,27.1558
57962.0000,134.0000,-2696.3000,685.0000,-19.2000,14.8000,29.6000,-27.4100,27.1558
58963.0000,135.0000,-2691.1000,1001.0000,5.2000,61.1000,29.6000,-27.4100,27.1558
59705.0000,136.0000,-2745.3000,742.0000,-54.2000,0.0000,29.6000,-27.4100,27.1558
60312.0000,137.0000,-2779.1000,607.0000,-33.8000,0.0000,29.6000,-27.4100,27.1558
60714.0000,138.0000,-2794.4000,402.0000,-15.3000,0.0000,29.6000,-27.4100,27.1558
61333.0000,139.0000,-2816.8000,619.0000,-22.4000,0.0000,29.6000,-27.4100,27.1558
62334.0000,140.0000,-2871.5000,1001.0000,-54.7000,0.0000,29.6000,0.0000,0.0000
63304.0000,141.0000,-2921.3000,970.0000,-49.8000,0.0000,29.6000,0.0000,0.0000
63806.0000,142.0000,-2898.7000,502.0000,22.6000,46.7000,29.6000,0.0000,0.0000
64385.0000,143.0000,-2885.6000,579.0000,13.1000,46.9000,29.6000,0.0000,0.0000
65386.0000,144.0000,-2921.4000,1001.0000,-35.8000,0.0000,29.6000,0.0000,0.0000
65745.0000,145.0000,-2939.7000,359.0000,-18.3000,0.0000,29.6000,0.0000,0.0000
66048.0000,146.0000,-2948.2000,303.0000,-8.5000,0.0000,29.6000,0.0000,0.0000
67049.0000,147.0000,-2998.8000,1001.0000,-50.6000,0.0000,29.6000,0.0000,0.0000
67519.0000,148.0000,-2929.6000,470.0000,69.2000,93.6000,69.2000,0.0000,0.0000
68363.0000,149.0000,-2958.7000,844.0000,-29.1000,0.0000,69.2000,0.0000,0.0000
69197.0000,150.0000,-2994.0000,834.0000,-35.3000,0.0000,69.2000,-12.6900,22.4521
69572.0000,151.0000,-2997.1000,375.0000,-3.1000,14.3000,69.2000,-12.6900,22.4521
70573.0000,152.0000,-3040.1000,1001.0000,-43.0000,0.0000,69.2000,-12.6900,22.4521
70743.0000,153.0000,-3047.4000,170.0000,-7.3000,0.0000,69.2000,-12.6900,22.4521
71242.0000,154.0000,-3071.3000,499.0000,-23.9000,0.0000,69.2000,-12.6900,22.4521
71637.0000,155.0000,-3050.2000,395.0000,21.1000,37.0000,69.2000,-12.6900,22.4521
72638.0000,156.0000,-3114.0000,1001.0000,-63.8000,0.0000,69.2000,-12.6900,22.4521
72779.0000,157.0000,-3121.9000,141.0000,-7.9000,0.0000,69.2000,-12.6900,22.4521
73104.0000,158.0000,-3140.5000,325.0000,-18.6000,0.0000,69.2000,-12.6900,22.4521
74105.0000,159.0000,-3113.2000,1001.0000,27.3000,82.0000,69.2000,-12.6900,22.4521
74879.0000,160.0000,-3152.6000,774.0000,-39.4000,1.9000,69.2000,65.6300,33.4038
75190.0000,161.0000,-3164.6000,311.0000,-12.0000,0.0000,69.2000,65.6300,33.4038
76191.0000,162.0000,-3210.8000,1001.0000,-46.2000,15.0000,69.2000,65.6300,33.4038
76685.0000,163.0000,-3196.0000,494.0000,14.8000,38.1000,69.2000,65.6300,33.4038
77106.0000,164.0000,-3217.0000,421.0000,-21.0000,0.0000,69.2000,65.6300,33.4038
78107.0000,165.0000,-3272.5000,1001.0000,-55.5000,0.0000,69.2000,65.6300,33.4038
79108.0000,166.0000,-3261.6000,1001.0000,10.9000,63.9000,69.2000,65.6300,33.4038
80109.0000,167.0000,-3196.2000,1001.0000,65.4000,120.1000,69.2000,65.6300,33.4038
81100.0000,168.0000,-3145.0000,991.0000,51.2000,95.1000,69.2000,65.6300,33.4038
82101.0000,169.0000,-3194.2000,1001.0000,-49.2000,0.0000,69.2000,65.6300,33.4038
82853.0000,170.0000,-3235.7000,752.0000,-41.5000,0.0000,69.2000,10.9300,57.4027
83854.0000,171.0000,-3233.6000,1001.0000,2.1000,59.9000,69.2000,10.9300,57.4027
84672.0000,172.0000,-3268.9000,818.0000,-35.3000,8.9000,69.2000,10.9300,57.4027
85673.0000,173.0000,-3316.4000,1001.0000,-47.5000,22.5000,69.2000,10.9300,57.4027
86674.0000,174.0000,-3347.8000,1001.0000,-31.4000,27.5000,69.2000,10.9300,57.4027
87675.0000,175.0000,-3362.3000,1001.0000,-14.5000,40.7000,69.2000,10.9300,57.4027
88314.0000,176.0000,-3382.2000,639.0000,-19.9000,13.6000,69.2000,10.9300,57.4027
89315.0000,177.0000,-3357.8000,1001.0000,24.4000,67.0000,69.2000,10.9300,57.4027
89797.0000,178.0000,-3373.4000,482.0000,-15.6000,14.5000,69.2000,10.9300,57.4027
90798.0000,179.0000,-3385.4000,1001.0000,-12.0000,16.9000,69.2000,10.9300,57.4027
91799.0000,180.0000,-3419.7000,1001.0000,-34.3000,16.0000,69.2000,2.7600,30.7331
92180.0000,181.0000,-3442.9000,381.0000,-23.2000,0.0000,69.2000,2.7600,30.7331
92538.0000,182.0000,-3463.8000,358.0000,-20.9000,0.0000,69.2000,2.7600,30.7331
93008.0000,183.0000,-3435.4000,470.0000,28.4000,44.2000,69.2000,2.7600,30.7331
94009.0000,184.0000,-3500.4000,1001.0000,-65.0000,0.0000,69.2000,2.7600,30.7331
94929.0000,185.0000,-3482.4000,920.0000,18.0000,35.1000,69.2000,2.7600,30.7331
95531.0000,186.0000,-3497.8000,602.0000,-15.4000,11.7000,69.2000,2.7600,30.7331
96364.0000,187.0000,-3543.7000,833.0000,-45.9000,0.0000,69.2000,2.7600,30.7331
97009.0000,188.0000,-3533.8000,645.0000,9.9000,44.5000,69.2000,2.7600,30.7331
97367.0000,189.0000,-3538.7000,358.0000,-4.9000,14.6000,69.2000,2.7600,30.7331
98368.0000,190.0000,-3588.9000,1001.0000,-50.2000,0.0000,69.2000,-26.7950,36.9073
99369.0000,191.0000,-3632.9000,1001.0000,-44.0000,12.9000,69.2000,-26.7950,36.9073
99699.0000,192.0000,-3641.8000,330.0000,-8.9000,12.6000,69.2000,-26.7950,36.9073
100700.0000,193.0000,-3642.4000,1001.0000,-0.6000,58.6000,69.2000,-26.7950,36.9073
101701.0000,194.0000,-3713.1000,1001.0000,-70.7000,12.6000,69.2000,-26.7950,36.9073
102702.0000,195.0000,-3767.5000,1001.0000,-54.4000,0.0000,69.2000,-26.7950,36.9073
103703.0000,196.0000,-3777.7000,1001.0000,-10.2000,34.8000,69.2000,-26.7950,36.9073
103985.0000,197.0000,-3791.0000,282.0000,-13.3000,0.0000,69.2000,-26.7950,36.9073
104605.0000,198.0000,-3788.0000,620.0000,3.0000,35.7000,69.2000,-26.7950,36.9073
105606.0000,199.0000,-3813.5000,1001.0000,-25.5000,33.1000,69.2000,-26.7950,36.9073
