steps,episode,total_return,episode_len,episode_return,total_upright,best_episode_reward,mean_greedy_rewards,std_greedy_rewards
967.0000,0.0000,-50.2000,967.0000,-50.2000,0.0000,-50.2000,-8.2400,0.0548
1074.0000,1.0000,-57.8000,107.0000,-7.6000,0.0000,-7.6000,-8.2400,0.0548
1176.0000,2.0000,-62.9000,102.0000,-5.1000,0.0000,-5.1000,-8.2400,0.0548
1497.0000,3.0000,-77.7000,321.0000,-14.8000,0.0000,-5.1000,-8.2400,0.0548
1756.0000,4.0000,-102.3000,259.0000,-24.6000,0.0000,-5.1000,-8.2400,0.0548
1876.0000,5.0000,-112.9000,120.0000,-10.6000,0.0000,-5.1000,-8.2400,0.0548
2175.0000,6.0000,-116.0000,299.0000,-3.1000,0.0000,-3.1000,-8.2400,0.0548
2267.0000,7.0000,-123.3000,92.0000,-7.3000,0.0000,-3.1000,-8.2400,0.0548
2612.0000,8.0000,-144.1000,345.0000,-20.8000,0.0000,-3.1000,-8.2400,0.0548
2779.0000,9.0000,-152.0000,167.0000,-7.9000,0.0000,-3.1000,-8.2400,0.0548
2950.0000,10.0000,-160.8000,171.0000,-8.8000,0.0000,-3.1000,-12.4800,20.5153
3351.0000,11.0000,-184.6000,401.0000,-23.8000,0.0000,-3.1000,-12.4800,20.5153
3496.0000,12.0000,-194.1000,145.0000,-9.5000,0.0000,-3.1000,-12.4800,20.5153
3631.0000,13.0000,-201.1000,135.0000,-7.0000,0.0000,-3.1000,-12.4800,20.5153
3764.0000,14.0000,-209.8000,133.0000,-8.7000,0.0000,-3.1000,-12.4800,20.5153
3862.0000,15.0000,-217.9000,98.0000,-8.1000,0.0000,-3.1000,-12.4800,20.5153
4392.0000,16.0000,-238.5000,530.0000,-20.6000,13.6000,-3.1000,-12.4800,20.5153
4515.0000,17.0000,-245.1000,123.0000,-6.6000,0.0000,-3.1000,-12.4800,20.5153
4670.0000,18.0000,-257.5000,155.0000,-12.4000,0.0000,-3.1000,-12.4800,20.5153
4778.0000,19.0000,-265.1000,108.0000,-7.6000,0.0000,-3.1000,-12.4800,20.5153
4860.0000,20.0000,-273.3000,82.0000,-8.2000,0.0000,-3.1000,-11.4000,2.5836
5090.0000,21.0000,-290.6000,230.0000,-17.3000,0.0000,-3.1000,-11.4000,2.5836
5184.0000,22.0000,-298.0000,94.0000,-7.4000,0.0000,-3.1000,-11.4000,2.5836
5421.0000,23.0000,-309.9000,237.0000,-11.9000,0.0000,-3.1000,-11.4000,2.5836
5525.0000,24.0000,-315.4000,104.0000,-5.5000,0.0000,-3.1000,-11.4000,2.5836
5610.0000,25.0000,-323.1000,85.0000,-7.7000,0.0000,-3.1000,-11.4000,2.5836
5717.0000,26.0000,-328.6000,107.0000,-5.5000,0.0000,-3.1000,-11.4000,2.5836
5829.0000,27.0000,-336.7000,112.0000,-8.1000,0.0000,-3.1000,-11.4000,2.5836
6099.0000,28.0000,-349.4000,270.0000,-12.7000,0.0000,-3.1000,-11.4000,2.5836
6522.0000,29.0000,-377.6000,423.0000,-28.2000,0.0000,-3.1000,-11.4000,2.5836
6665.0000,30.0000,-386.1000,143.0000,-8.5000,0.0000,-3.1000,-7.0000,0.0707
6778.0000,31.0000,-394.5000,113.0000,-8.4000,0.0000,-3.1000,-7.0000,0.0707
7199.0000,32.0000,-414.9000,421.0000,-20.4000,0.0000,-3.1000,-7.0000,0.0707
7401.0000,33.0000,-428.0000,202.0000,-13.1000,0.0000,-3.1000,-7.0000,0.0707
8013.0000,34.0000,-438.6000,612.0000,-10.6000,10.8000,-3.1000,-7.0000,0.0707
8455.0000,35.0000,-454.7000,442.0000,-16.1000,8.1000,-3.1000,-7.0000,0.0707
8887.0000,36.0000,-483.2000,432.0000,-28.5000,0.0000,-3.1000,-7.0000,0.0707
9107.0000,37.0000,-496.4000,220.0000,-13.2000,0.0000,-3.1000,-7.0000,0.0707
9266.0000,38.0000,-503.7000,159.0000,-7.3000,0.0000,-3.1000,-7.0000,0.0707
9604.0000,39.0000,-529.5000,338.0000,-25.8000,0.0000,-3.1000,-7.0000,0.0707
9772.0000,40.0000,-540.3000,168.0000,-10.8000,0.0000,-3.1000,-13.7400,5.7487
10680.0000,41.0000,-464.4000,908.0000,75.9000,125.9000,75.9000,-13.7400,5.7487
10960.0000,42.0000,-484.9000,280.0000,-20.5000,0.0000,75.9000,-13.7400,5.7487
11158.0000,43.0000,-490.3000,198.0000,-5.4000,0.0000,75.9000,-13.7400,5.7487
11644.0000,44.0000,-531.6000,486.0000,-41.3000,0.0000,75.9000,-13.7400,5.7487
12164.0000,45.0000,-514.1000,520.0000,17.5000,41.0000,75.9000,-13.7400,5.7487
12866.0000,46.0000,-526.0000,702.0000,-11.9000,26.4000,75.9000,-13.7400,5.7487
13214.0000,47.0000,-550.2000,348.0000,-24.2000,0.0000,75.9000,-13.7400,5.7487
13686.0000,48.0000,-579.6000,472.0000,-29.4000,0.0000,75.9000,-13.7400,5.7487
14124.0000,49.0000,-602.9000,438.0000,-23.3000,0.0000,75.9000,-13.7400,5.7487
14663.0000,50.0000,-618.7000,539.0000,-15.8000,13.6000,75.9000,-6.4400,0.2302
15415.0000,51.0000,-655.4000,752.0000,-36.7000,0.0000,75.9000,-6.4400,0.2302
16095.0000,52.0000,-690.6000,680.0000,-35.2000,0.0000,75.9000,-6.4400,0.2302
16434.0000,53.0000,-710.1000,339.0000,-19.5000,0.0000,75.9000,-6.4400,0.2302
16747.0000,54.0000,-725.8000,313.0000,-15.7000,0.0000,75.9000,-6.4400,0.2302
16921.0000,55.0000,-740.7000,174.0000,-14.9000,0.0000,75.9000,-6.4400,0.2302
17072.0000,56.0000,-748.4000,151.0000,-7.7000,0.0000,75.9000,-6.4400,0.2302
17214.0000,57.0000,-756.2000,142.0000,-7.8000,0.0000,75.9000,-6.4400,0.2302
17322.0000,58.0000,-762.9000,108.0000,-6.7000,0.0000,75.9000,-6.4400,0.2302
17521.0000,59.0000,-763.5000,199.0000,-0.6000,8.3000,75.9000,-6.4400,0.2302
17844.0000,60.0000,-778.6000,323.0000,-15.1000,0.0000,75.9000,-15.8000,11.3305
18026.0000,61.0000,-789.4000,182.0000,-10.8000,0.0000,75.9000,-15.8000,11.3305
18363.0000,62.0000,-809.7000,337.0000,-20.3000,0.0000,75.9000,-15.8000,11.3305
18488.0000,63.0000,-814.8000,125.0000,-5.1000,0.0000,75.9000,-15.8000,11.3305
18923.0000,64.0000,-830.0000,435.0000,-15.2000,0.0000,75.9000,-15.8000,11.3305
19537.0000,65.0000,-863.4000,614.0000,-33.4000,0.0000,75.9000,-15.8000,11.3305
19878.0000,66.0000,-894.2000,341.0000,-30.8000,0.0000,75.9000,-15.8000,11.3305
20098.0000,67.0000,-907.1000,220.0000,-12.9000,0.0000,75.9000,-15.8000,11.3305
20722.0000,68.0000,-902.2000,624.0000,4.9000,27.0000,75.9000,-15.8000,11.3305
21105.0000,69.0000,-915.7000,383.0000,-13.5000,0.0000,75.9000,-15.8000,11.3305
22012.0000,70.0000,-952.3000,907.0000,-36.6000,8.1000,75.9000,-22.0800,5.4632
22484.0000,71.0000,-942.0000,472.0000,10.3000,32.3000,75.9000,-22.0800,5.4632
23273.0000,72.0000,-979.4000,789.0000,-37.4000,0.0000,75.9000,-22.0800,5.4632
23488.0000,73.0000,-992.4000,215.0000,-13.0000,0.0000,75.9000,-22.0800,5.4632
23943.0000,74.0000,-993.1000,455.0000,-0.7000,22.9000,75.9000,-22.0800,5.4632
24944.0000,75.0000,-1056.3000,1001.0000,-63.2000,0.0000,75.9000,-22.0800,5.4632
25945.0000,76.0000,-1099.4000,1001.0000,-43.1000,18.2000,75.9000,-22.0800,5.4632
26946.0000,77.0000,-1093.9000,1001.0000,5.5000,46.8000,75.9000,-22.0800,5.4632
27947.0000,78.0000,-1113.3000,1001.0000,-19.4000,12.0000,75.9000,-22.0800,5.4632
28354.0000,79.0000,-1139.3000,407.0000,-26.0000,0.0000,75.9000,-22.0800,5.4632
28820.0000,80.0000,-1153.8000,466.0000,-14.5000,9.0000,75.9000,0.0000,0.0000
29685.0000,81.0000,-1208.1000,865.0000,-54.3000,0.0000,75.9000,0.0000,0.0000
30097.0000,82.0000,-1206.5000,412.0000,1.6000,19.9000,75.9000,0.0000,0.0000
30347.0000,83.0000,-1223.1000,250.0000,-16.6000,0.0000,75.9000,0.0000,0.0000
30515.0000,84.0000,-1232.3000,168.0000,-9.2000,0.0000,75.9000,0.0000,0.0000
31516.0000,85.0000,-1229.3000,1001.0000,3.0000,41.9000,75.9000,0.0000,0.0000
32517.0000,86.0000,-1251.9000,1001.0000,-22.6000,31.6000,75.9000,0.0000,0.0000
33518.0000,87.0000,-1120.9000,1001.0000,131.0000,175.2000,131.0000,0.0000,0.0000
34076.0000,88.0000,-1158.0000,558.0000,-37.1000,0.0000,131.0000,0.0000,0.0000
35077.0000,89.0000,-1213.7000,1001.0000,-55.7000,0.0000,131.0000,0.0000,0.0000
36078.0000,90.0000,-1242.5000,1001.0000,-28.8000,19.0000,131.0000,63.2000,51.6765
37079.0000,91.0000,-1244.7000,1001.0000,-2.2000,37.8000,131.0000,63.2000,51.6765
38080.0000,92.0000,-1269.5000,1001.0000,-24.8000,0.0000,131.0000,63.2000,51.6765
38462.0000,93.0000,-1288.6000,382.0000,-19.1000,0.0000,131.0000,63.2000,51.6765
39463.0000,94.0000,-1326.2000,1001.0000,-37.6000,9.0000,131.0000,63.2000,51.6765
40206.0000,95.0000,-1357.5000,743.0000,-31.3000,22.2000,131.0000,63.2000,51.6765
40483.0000,96.0000,-1379.3000,277.0000,-21.8000,0.0000,131.0000,63.2000,51.6765
40898.0000,97.0000,-1365.9000,415.0000,13.4000,35.3000,131.0000,63.2000,51.6765
41899.0000,98.0000,-1388.1000,1001.0000,-22.2000,0.0000,131.0000,63.2000,51.6765
42218.0000,99.0000,-1400.4000,319.0000,-12.3000,6.3000,131.0000,63.2000,51.6765
42967.0000,100.0000,-1440.6000,749.0000,-40.2000,0.0000,131.0000,-11.6400,1.4758
43363.0000,101.0000,-1454.4000,396.0000,-13.8000,12.6000,131.0000,-11.6400,1.4758
43710.0000,102.0000,-1449.6000,347.0000,4.8000,24.8000,131.0000,-11.6400,1.4758
44711.0000,103.0000,-1449.4000,1001.0000,0.2000,40.5000,131.0000,-11.6400,1.4758
45180.0000,104.0000,-1451.3000,469.0000,-1.9000,23.5000,131.0000,-11.6400,1.4758
45277.0000,105.0000,-1460.0000,97.0000,-8.7000,0.0000,131.0000,-11.6400,1.4758
45690.0000,106.0000,-1488.1000,413.0000,-28.1000,0.0000,131.0000,-11.6400,1.4758
46691.0000,107.0000,-1529.0000,1001.0000,-40.9000,0.0000,131.0000,-11.6400,1.4758
47186.0000,108.0000,-1556.8000,495.0000,-27.8000,0.0000,131.0000,-11.6400,1.4758
47652.0000,109.0000,-1584.6000,466.0000,-27.8000,0.0000,131.0000,-11.6400,1.4758
48217.0000,110.0000,-1600.5000,565.0000,-15.9000,13.2000,131.0000,-3.0000,13.6890
49218.0000,111.0000,-1420.7000,1001.0000,179.8000,218.4000,179.8000,-3.0000,13.6890
49792.0000,112.0000,-1397.2000,574.0000,23.5000,51.0000,179.8000,-3.0000,13.6890
50750.0000,113.0000,-1400.3000,958.0000,-3.1000,57.6000,179.8000,-3.0000,13.6890
51241.0000,114.0000,-1371.5000,491.0000,28.8000,48.0000,179.8000,-3.0000,13.6890
51639.0000,115.0000,-1345.3000,398.0000,26.2000,53.0000,179.8000,-3.0000,13.6890
51746.0000,116.0000,-1351.7000,107.0000,-6.4000,0.0000,179.8000,-3.0000,13.6890
52299.0000,117.0000,-1374.3000,553.0000,-22.6000,7.2000,179.8000,-3.0000,13.6890
52868.0000,118.0000,-1375.4000,569.0000,-1.1000,29.1000,179.8000,-3.0000,13.6890
53213.0000,119.0000,-1394.0000,345.0000,-18.6000,0.0000,179.8000,-3.0000,13.6890
53388.0000,120.0000,-1402.8000,175.0000,-8.8000,0.0000,179.8000,37.4600,45.8540
53578.0000,121.0000,-1413.8000,190.0000,-11.0000,0.0000,179.8000,37.4600,45.8540
54579.0000,122.0000,-1441.5000,1001.0000,-27.7000,24.9000,179.8000,37.4600,45.8540
54994.0000,123.0000,-1307.3000,415.0000,134.2000,147.0000,179.8000,37.4600,45.8540
55738.0000,124.0000,-1358.1000,744.0000,-50.8000,0.0000,179.8000,37.4600,45.8540
56204.0000,125.0000,-1371.1000,466.0000,-13.0000,10.2000,179.8000,37.4600,45.8540
56486.0000,126.0000,-1358.5000,282.0000,12.6000,28.7000,179.8000,37.4600,45.8540
56958.0000,127.0000,-1380.2000,472.0000,-21.7000,11.7000,179.8000,37.4600,45.8540
57330.0000,128.0000,-1382.2000,372.0000,-2.0000,18.9000,179.8000,37.4600,45.8540
57716.0000,129.0000,-1395.1000,386.0000,-12.9000,11.4000,179.8000,37.4600,45.8540
58222.0000,130.0000,-1391.6000,506.0000,3.5000,32.5000,179.8000,-8.5200,11.4334
58573.0000,131.0000,-1385.3000,351.0000,6.3000,23.4000,179.8000,-8.5200,11.4334
59499.0000,132.0000,-1354.1000,926.0000,31.2000,65.0000,179.8000,-8.5200,11.4334
59612.0000,133.0000,-1362.1000,113.0000,-8.0000,0.0000,179.8000,-8.5200,11.4334
59998.0000,134.0000,-1372.4000,386.0000,-10.3000,6.3000,179.8000,-8.5200,11.4334
60999.0000,135.0000,-1294.5000,1001.0000,77.9000,133.7000,179.8000,-8.5200,11.4334
61218.0000,136.0000,-1306.1000,219.0000,-11.6000,0.0000,179.8000,-8.5200,11.4334
61693.0000,137.0000,-1318.4000,475.0000,-12.3000,13.6000,179.8000,-8.5200,11.4334
61940.0000,138.0000,-1328.9000,247.0000,-10.5000,8.6000,179.8000,-8.5200,11.4334
62241.0000,139.0000,-1342.5000,301.0000,-13.6000,0.0000,179.8000,-8.5200,11.4334
62576.0000,140.0000,-1298.9000,335.0000,43.6000,56.8000,179.8000,136.3600,40.7224
63013.0000,141.0000,-1161.5000,437.0000,137.4000,154.6000,179.8000,136.3600,40.7224
63475.0000,142.0000,-1171.5000,462.0000,-10.0000,17.1000,179.8000,136.3600,40.7224
64244.0000,143.0000,-1143.2000,769.0000,28.3000,59.2000,179.8000,136.3600,40.7224
64614.0000,144.0000,-1076.4000,370.0000,66.8000,82.6000,179.8000,136.3600,40.7224
65615.0000,145.0000,-1051.5000,1001.0000,24.9000,65.6000,179.8000,136.3600,40.7224
66616.0000,146.0000,-881.3000,1001.0000,170.2000,223.3000,179.8000,136.3600,40.7224
