steps,episode,total_return,episode_len,episode_return,total_upright,best_episode_reward,mean_greedy_rewards,std_greedy_rewards
208.0000,0.0000,-13.0000,208.0000,-13.0000,0.0000,-13.0000,0.0000,0.0000
1209.0000,1.0000,-34.8000,1001.0000,-21.8000,0.0000,-13.0000,0.0000,0.0000
1292.0000,2.0000,-43.1000,83.0000,-8.3000,0.0000,-8.3000,0.0000,0.0000
1681.0000,3.0000,-48.8000,389.0000,-5.7000,0.0000,-5.7000,0.0000,0.0000
1775.0000,4.0000,-57.0000,94.0000,-8.2000,0.0000,-5.7000,0.0000,0.0000
1861.0000,5.0000,-64.9000,86.0000,-7.9000,0.0000,-5.7000,0.0000,0.0000
2862.0000,6.0000,-81.4000,1001.0000,-16.5000,0.0000,-5.7000,0.0000,0.0000
2946.0000,7.0000,-89.2000,84.0000,-7.8000,0.0000,-5.7000,0.0000,0.0000
3028.0000,8.0000,-97.4000,82.0000,-8.2000,0.0000,-5.7000,0.0000,0.0000
3292.0000,9.0000,-123.1000,264.0000,-25.7000,0.0000,-5.7000,0.0000,0.0000
3588.0000,10.0000,-152.0000,296.0000,-28.9000,0.0000,-5.7000,0.0000,0.0000
3696.0000,11.0000,-158.3000,108.0000,-6.3000,0.0000,-5.7000,0.0000,0.0000
3933.0000,12.0000,-182.0000,237.0000,-23.7000,0.0000,-5.7000,0.0000,0.0000
4934.0000,13.0000,-202.7000,1001.0000,-20.7000,0.0000,-5.7000,0.0000,0.0000
5035.0000,14.0000,-208.0000,101.0000,-5.3000,0.0000,-5.3000,0.0000,0.0000
5415.0000,15.0000,-224.6000,380.0000,-16.6000,15.3000,-5.3000,0.0000,0.0000
5680.0000,16.0000,-249.9000,265.0000,-25.3000,0.0000,-5.3000,0.0000,0.0000
6390.0000,17.0000,-250.2000,710.0000,-0.3000,33.5000,-0.3000,0.0000,0.0000
6608.0000,18.0000,-267.4000,218.0000,-17.2000,0.0000,-0.3000,0.0000,0.0000
6703.0000,19.0000,-276.9000,95.0000,-9.5000,0.0000,-0.3000,0.0000,0.0000
6837.0000,20.0000,-289.0000,134.0000,-12.1000,0.0000,-0.3000,0.0000,0.0000
6936.0000,21.0000,-298.7000,99.0000,-9.7000,0.0000,-0.3000,0.0000,0.0000
7145.0000,22.0000,-318.3000,209.0000,-19.6000,0.0000,-0.3000,0.0000,0.0000
7238.0000,23.0000,-327.4000,93.0000,-9.1000,0.0000,-0.3000,0.0000,0.0000
7453.0000,24.0000,-347.0000,215.0000,-19.6000,0.0000,-0.3000,0.0000,0.0000
7610.0000,25.0000,-353.4000,157.0000,-6.4000,0.0000,-0.3000,0.0000,0.0000
7710.0000,26.0000,-361.8000,100.0000,-8.4000,0.0000,-0.3000,0.0000,0.0000
8322.0000,27.0000,-391.1000,612.0000,-29.3000,0.0000,-0.3000,0.0000,0.0000
8624.0000,28.0000,-411.0000,302.0000,-19.9000,0.0000,-0.3000,0.0000,0.0000
8753.0000,29.0000,-421.6000,129.0000,-10.6000,0.0000,-0.3000,0.0000,0.0000
8863.0000,30.0000,-432.0000,110.0000,-10.4000,0.0000,-0.3000,0.0000,0.0000
8984.0000,31.0000,-439.6000,121.0000,-7.6000,0.0000,-0.3000,0.0000,0.0000
9148.0000,32.0000,-450.8000,164.0000,-11.2000,0.0000,-0.3000,0.0000,0.0000
9509.0000,33.0000,-479.2000,361.0000,-28.4000,0.0000,-0.3000,0.0000,0.0000
9608.0000,34.0000,-489.1000,99.0000,-9.9000,0.0000,-0.3000,0.0000,0.0000
9966.0000,35.0000,-508.6000,358.0000,-19.5000,0.0000,-0.3000,0.0000,0.0000
10305.0000,36.0000,-507.1000,339.0000,1.5000,23.7000,1.5000,0.0000,0.0000
10401.0000,37.0000,-515.0000,96.0000,-7.9000,0.0000,1.5000,0.0000,0.0000
10619.0000,38.0000,-536.8000,218.0000,-21.8000,0.0000,1.5000,0.0000,0.0000
10987.0000,39.0000,-548.1000,368.0000,-11.3000,14.5000,1.5000,0.0000,0.0000
11234.0000,40.0000,-557.1000,247.0000,-9.0000,0.0000,1.5000,0.0000,0.0000
11832.0000,41.0000,-596.0000,598.0000,-38.9000,0.0000,1.5000,0.0000,0.0000
11917.0000,42.0000,-603.0000,85.0000,-7.0000,0.0000,1.5000,0.0000,0.0000
12281.0000,43.0000,-631.6000,364.0000,-28.6000,0.0000,1.5000,0.0000,0.0000
12752.0000,44.0000,-655.7000,471.0000,-24.1000,0.0000,1.5000,0.0000,0.0000
12886.0000,45.0000,-664.7000,134.0000,-9.0000,0.0000,1.5000,0.0000,0.0000
13270.0000,46.0000,-688.3000,384.0000,-23.6000,0.0000,1.5000,0.0000,0.0000
13465.0000,47.0000,-698.6000,195.0000,-10.3000,0.0000,1.5000,0.0000,0.0000
13588.0000,48.0000,-704.1000,123.0000,-5.5000,0.0000,1.5000,0.0000,0.0000
13850.0000,49.0000,-719.8000,262.0000,-15.7000,0.0000,1.5000,0.0000,0.0000
14643.0000,50.0000,-751.3000,793.0000,-31.5000,0.0000,1.5000,0.0000,0.0000
15037.0000,51.0000,-782.7000,394.0000,-31.4000,0.0000,1.5000,0.0000,0.0000
15321.0000,52.0000,-803.0000,284.0000,-20.3000,0.0000,1.5000,0.0000,0.0000
15412.0000,53.0000,-808.1000,91.0000,-5.1000,0.0000,1.5000,0.0000,0.0000
15629.0000,54.0000,-815.3000,217.0000,-7.2000,0.0000,1.5000,0.0000,0.0000
16393.0000,55.0000,-868.4000,764.0000,-53.1000,0.0000,1.5000,0.0000,0.0000
16964.0000,56.0000,-895.0000,571.0000,-26.6000,12.8000,1.5000,0.0000,0.0000
17666.0000,57.0000,-921.9000,702.0000,-26.9000,0.0000,1.5000,0.0000,0.0000
18455.0000,58.0000,-947.0000,789.0000,-25.1000,20.4000,1.5000,0.0000,0.0000
19456.0000,59.0000,-987.6000,1001.0000,-40.6000,19.6000,1.5000,0.0000,0.0000
19765.0000,60.0000,-1003.8000,309.0000,-16.2000,0.0000,1.5000,0.0000,0.0000
19896.0000,61.0000,-1013.2000,131.0000,-9.4000,0.0000,1.5000,0.0000,0.0000
20346.0000,62.0000,-1012.1000,450.0000,1.1000,22.0000,1.5000,0.0000,0.0000
20779.0000,63.0000,-1031.1000,433.0000,-19.0000,10.0000,1.5000,0.0000,0.0000
21070.0000,64.0000,-1039.9000,291.0000,-8.8000,9.0000,1.5000,0.0000,0.0000
21399.0000,65.0000,-1059.5000,329.0000,-19.6000,0.0000,1.5000,0.0000,0.0000
21524.0000,66.0000,-1069.8000,125.0000,-10.3000,0.0000,1.5000,0.0000,0.0000
21738.0000,67.0000,-1079.7000,214.0000,-9.9000,0.0000,1.5000,0.0000,0.0000
22037.0000,68.0000,-1102.6000,299.0000,-22.9000,0.0000,1.5000,0.0000,0.0000
22213.0000,69.0000,-1107.6000,176.0000,-5.0000,0.0000,1.5000,0.0000,0.0000
22555.0000,70.0000,-1123.5000,342.0000,-15.9000,0.0000,1.5000,0.0000,0.0000
22854.0000,71.0000,-1147.5000,299.0000,-24.0000,0.0000,1.5000,0.0000,0.0000
23050.0000,72.0000,-1161.8000,196.0000,-14.3000,0.0000,1.5000,0.0000,0.0000
23522.0000,73.0000,-1190.7000,472.0000,-28.9000,0.0000,1.5000,0.0000,0.0000
24523.0000,74.0000,-1213.8000,1001.0000,-23.1000,37.8000,1.5000,0.0000,0.0000
25524.0000,75.0000,-1259.1000,1001.0000,-45.3000,11.9000,1.5000,0.0000,0.0000
25688.0000,76.0000,-1263.4000,164.0000,-4.3000,0.0000,1.5000,0.0000,0.0000
26004.0000,77.0000,-1256.7000,316.0000,6.7000,29.3000,6.7000,0.0000,0.0000
26688.0000,78.0000,-1300.6000,684.0000,-43.9000,0.0000,6.7000,0.0000,0.0000
26919.0000,79.0000,-1311.1000,231.0000,-10.5000,0.0000,6.7000,0.0000,0.0000
27186.0000,80.0000,-1314.8000,267.0000,-3.7000,0.0000,6.7000,0.0000,0.0000
27474.0000,81.0000,-1328.6000,288.0000,-13.8000,0.0000,6.7000,0.0000,0.0000
27592.0000,82.0000,-1339.2000,118.0000,-10.6000,0.0000,6.7000,0.0000,0.0000
28167.0000,83.0000,-1379.0000,575.0000,-39.8000,0.0000,6.7000,0.0000,0.0000
28279.0000,84.0000,-1386.6000,112.0000,-7.6000,0.0000,6.7000,0.0000,0.0000
29194.0000,85.0000,-1441.7000,915.0000,-55.1000,6.5000,6.7000,0.0000,0.0000
30195.0000,86.0000,-1491.3000,1001.0000,-49.6000,0.0000,6.7000,0.0000,0.0000
30552.0000,87.0000,-1464.7000,357.0000,26.6000,43.5000,26.6000,0.0000,0.0000
31303.0000,88.0000,-1491.7000,751.0000,-27.0000,0.0000,26.6000,0.0000,0.0000
31467.0000,89.0000,-1500.0000,164.0000,-8.3000,0.0000,26.6000,0.0000,0.0000
32468.0000,90.0000,-1449.2000,1001.0000,50.8000,96.0000,50.8000,0.0000,0.0000
33116.0000,91.0000,-1488.6000,648.0000,-39.4000,0.0000,50.8000,0.0000,0.0000
33510.0000,92.0000,-1499.5000,394.0000,-10.9000,15.5000,50.8000,0.0000,0.0000
33956.0000,93.0000,-1497.5000,446.0000,2.0000,27.3000,50.8000,0.0000,0.0000
34350.0000,94.0000,-1490.6000,394.0000,6.9000,25.6000,50.8000,0.0000,0.0000
34738.0000,95.0000,-1498.3000,388.0000,-7.7000,15.3000,50.8000,0.0000,0.0000
35350.0000,96.0000,-1493.6000,612.0000,4.7000,36.7000,50.8000,0.0000,0.0000
35613.0000,97.0000,-1505.7000,263.0000,-12.1000,4.7000,50.8000,0.0000,0.0000
36456.0000,98.0000,-1526.7000,843.0000,-21.0000,27.4000,50.8000,0.0000,0.0000
36786.0000,99.0000,-1547.9000,330.0000,-21.2000,0.0000,50.8000,0.0000,0.0000
