steps,episode,total_return,episode_len,episode_return,total_upright,best_episode_reward,mean_greedy_rewards,std_greedy_rewards
217.0000,0.0000,-16.9000,217.0000,-16.9000,0.0000,-16.9000,0.0000,0.0000
672.0000,1.0000,-32.3000,455.0000,-15.4000,0.0000,-15.4000,0.0000,0.0000
1039.0000,2.0000,-46.8000,367.0000,-14.5000,0.0000,-14.5000,0.0000,0.0000
1124.0000,3.0000,-53.6000,85.0000,-6.8000,0.0000,-6.8000,0.0000,0.0000
1207.0000,4.0000,-61.3000,83.0000,-7.7000,0.0000,-6.8000,0.0000,0.0000
1312.0000,5.0000,-70.5000,105.0000,-9.2000,0.0000,-6.8000,0.0000,0.0000
1462.0000,6.0000,-78.6000,150.0000,-8.1000,0.0000,-6.8000,0.0000,0.0000
1738.0000,7.0000,-87.9000,276.0000,-9.3000,0.0000,-6.8000,0.0000,0.0000
1863.0000,8.0000,-96.7000,125.0000,-8.8000,0.0000,-6.8000,0.0000,0.0000
1980.0000,9.0000,-106.5000,117.0000,-9.8000,0.0000,-6.8000,0.0000,0.0000
2146.0000,10.0000,-112.3000,166.0000,-5.8000,0.0000,-5.8000,-4.3400,3.9633
2228.0000,11.0000,-120.4000,82.0000,-8.1000,0.0000,-5.8000,-4.3400,3.9633
2331.0000,12.0000,-128.4000,103.0000,-8.0000,0.0000,-5.8000,-4.3400,3.9633
2532.0000,13.0000,-136.8000,201.0000,-8.4000,0.0000,-5.8000,-4.3400,3.9633
2686.0000,14.0000,-143.0000,154.0000,-6.2000,0.0000,-5.8000,-4.3400,3.9633
2806.0000,15.0000,-150.6000,120.0000,-7.6000,0.0000,-5.8000,-4.3400,3.9633
2905.0000,16.0000,-157.8000,99.0000,-7.2000,0.0000,-5.8000,-4.3400,3.9633
3031.0000,17.0000,-161.0000,126.0000,-3.2000,0.0000,-3.2000,-4.3400,3.9633
3386.0000,18.0000,-167.8000,355.0000,-6.8000,0.0000,-3.2000,-4.3400,3.9633
3500.0000,19.0000,-173.2000,114.0000,-5.4000,0.0000,-3.2000,-4.3400,3.9633
4222.0000,20.0000,-203.9000,722.0000,-30.7000,0.0000,-3.2000,0.0000,0.0000
4783.0000,21.0000,-222.2000,561.0000,-18.3000,0.0000,-3.2000,0.0000,0.0000
5023.0000,22.0000,-230.4000,240.0000,-8.2000,0.0000,-3.2000,0.0000,0.0000
5500.0000,23.0000,-243.4000,477.0000,-13.0000,0.0000,-3.2000,0.0000,0.0000
5772.0000,24.0000,-254.4000,272.0000,-11.0000,0.0000,-3.2000,0.0000,0.0000
5924.0000,25.0000,-258.9000,152.0000,-4.5000,0.0000,-3.2000,0.0000,0.0000
6604.0000,26.0000,-288.3000,680.0000,-29.4000,0.0000,-3.2000,0.0000,0.0000
6815.0000,27.0000,-296.3000,211.0000,-8.0000,0.0000,-3.2000,0.0000,0.0000
7085.0000,28.0000,-305.7000,270.0000,-9.4000,0.0000,-3.2000,0.0000,0.0000
7318.0000,29.0000,-316.9000,233.0000,-11.2000,0.0000,-3.2000,0.0000,0.0000
7524.0000,30.0000,-320.8000,206.0000,-3.9000,0.0000,-3.2000,0.0000,0.0000
7978.0000,31.0000,-341.6000,454.0000,-20.8000,0.0000,-3.2000,0.0000,0.0000
8252.0000,32.0000,-351.1000,274.0000,-9.5000,0.0000,-3.2000,0.0000,0.0000
8474.0000,33.0000,-360.6000,222.0000,-9.5000,0.0000,-3.2000,0.0000,0.0000
9115.0000,34.0000,-383.0000,641.0000,-22.4000,0.0000,-3.2000,0.0000,0.0000
9663.0000,35.0000,-396.5000,548.0000,-13.5000,0.0000,-3.2000,0.0000,0.0000
10005.0000,36.0000,-411.5000,342.0000,-15.0000,0.0000,-3.2000,0.0000,0.0000
10576.0000,37.0000,-432.8000,571.0000,-21.3000,0.0000,-3.2000,0.0000,0.0000
10946.0000,38.0000,-455.9000,370.0000,-23.1000,0.0000,-3.2000,0.0000,0.0000
11443.0000,39.0000,-476.8000,497.0000,-20.9000,0.0000,-3.2000,0.0000,0.0000
12125.0000,40.0000,-506.6000,682.0000,-29.8000,0.0000,-3.2000,0.0000,0.0000
12734.0000,41.0000,-527.8000,609.0000,-21.2000,0.0000,-3.2000,0.0000,0.0000
13251.0000,42.0000,-554.4000,517.0000,-26.6000,0.0000,-3.2000,0.0000,0.0000
13584.0000,43.0000,-568.5000,333.0000,-14.1000,0.0000,-3.2000,0.0000,0.0000
13752.0000,44.0000,-577.7000,168.0000,-9.2000,0.0000,-3.2000,0.0000,0.0000
14083.0000,45.0000,-591.4000,331.0000,-13.7000,0.0000,-3.2000,0.0000,0.0000
15084.0000,46.0000,-602.8000,1001.0000,-11.4000,14.7000,-3.2000,0.0000,0.0000
15643.0000,47.0000,-627.2000,559.0000,-24.4000,0.0000,-3.2000,0.0000,0.0000
16191.0000,48.0000,-665.1000,548.0000,-37.9000,0.0000,-3.2000,0.0000,0.0000
16673.0000,49.0000,-679.4000,482.0000,-14.3000,7.3000,-3.2000,0.0000,0.0000
16966.0000,50.0000,-693.4000,293.0000,-14.0000,0.0000,-3.2000,0.0000,0.0000
17522.0000,51.0000,-717.3000,556.0000,-23.9000,0.0000,-3.2000,0.0000,0.0000
18317.0000,52.0000,-747.0000,795.0000,-29.7000,0.0000,-3.2000,0.0000,0.0000
18433.0000,53.0000,-754.1000,116.0000,-7.1000,0.0000,-3.2000,0.0000,0.0000
18572.0000,54.0000,-760.2000,139.0000,-6.1000,0.0000,-3.2000,0.0000,0.0000
19573.0000,55.0000,-800.3000,1001.0000,-40.1000,0.0000,-3.2000,0.0000,0.0000
20563.0000,56.0000,-831.1000,990.0000,-30.8000,3.0000,-3.2000,0.0000,0.0000
21176.0000,57.0000,-841.5000,613.0000,-10.4000,24.7000,-3.2000,0.0000,0.0000
21768.0000,58.0000,-859.4000,592.0000,-17.9000,0.0000,-3.2000,0.0000,0.0000
22228.0000,59.0000,-867.2000,460.0000,-7.8000,0.0000,-3.2000,0.0000,0.0000
23229.0000,60.0000,-912.8000,1001.0000,-45.6000,0.0000,-3.2000,0.0000,0.0000
23701.0000,61.0000,-929.1000,472.0000,-16.3000,0.0000,-3.2000,0.0000,0.0000
24321.0000,62.0000,-930.1000,620.0000,-1.0000,0.0000,-1.0000,0.0000,0.0000
24584.0000,63.0000,-936.4000,263.0000,-6.3000,0.0000,-1.0000,0.0000,0.0000
25348.0000,64.0000,-966.5000,764.0000,-30.1000,0.0000,-1.0000,0.0000,0.0000
26171.0000,65.0000,-1000.8000,823.0000,-34.3000,0.0000,-1.0000,0.0000,0.0000
26783.0000,66.0000,-1013.1000,612.0000,-12.3000,0.0000,-1.0000,0.0000,0.0000
26905.0000,67.0000,-1022.7000,122.0000,-9.6000,0.0000,-1.0000,0.0000,0.0000
27607.0000,68.0000,-1049.8000,702.0000,-27.1000,0.0000,-1.0000,0.0000,0.0000
28608.0000,69.0000,-1092.1000,1001.0000,-42.3000,0.0000,-1.0000,0.0000,0.0000
29445.0000,70.0000,-1088.0000,837.0000,4.1000,30.0000,4.1000,-50.2800,40.7455
30446.0000,71.0000,-1114.1000,1001.0000,-26.1000,12.0000,4.1000,-50.2800,40.7455
30799.0000,72.0000,-1129.7000,353.0000,-15.6000,0.0000,4.1000,-50.2800,40.7455
31710.0000,73.0000,-1170.9000,911.0000,-41.2000,10.9000,4.1000,-50.2800,40.7455
32711.0000,74.0000,-1183.9000,1001.0000,-13.0000,19.1000,4.1000,-50.2800,40.7455
33278.0000,75.0000,-1202.1000,567.0000,-18.2000,0.0000,4.1000,-50.2800,40.7455
33667.0000,76.0000,-1205.7000,389.0000,-3.6000,0.0000,4.1000,-50.2800,40.7455
34443.0000,77.0000,-1240.4000,776.0000,-34.7000,0.0000,4.1000,-50.2800,40.7455
35444.0000,78.0000,-1287.0000,1001.0000,-46.6000,0.0000,4.1000,-50.2800,40.7455
35871.0000,79.0000,-1311.4000,427.0000,-24.4000,0.0000,4.1000,-50.2800,40.7455
36429.0000,80.0000,-1336.0000,558.0000,-24.6000,0.0000,4.1000,0.0000,0.0000
36828.0000,81.0000,-1358.4000,399.0000,-22.4000,0.0000,4.1000,0.0000,0.0000
37656.0000,82.0000,-1389.8000,828.0000,-31.4000,0.0000,4.1000,0.0000,0.0000
38214.0000,83.0000,-1396.0000,558.0000,-6.2000,13.9000,4.1000,0.0000,0.0000
39215.0000,84.0000,-1423.2000,1001.0000,-27.2000,12.2000,4.1000,0.0000,0.0000
40216.0000,85.0000,-1460.7000,1001.0000,-37.5000,14.5000,4.1000,0.0000,0.0000
41217.0000,86.0000,-1501.2000,1001.0000,-40.5000,0.0000,4.1000,0.0000,0.0000
42218.0000,87.0000,-1495.0000,1001.0000,6.2000,53.3000,6.2000,0.0000,0.0000
42423.0000,88.0000,-1501.5000,205.0000,-6.5000,0.0000,6.2000,0.0000,0.0000
43424.0000,89.0000,-1525.6000,1001.0000,-24.1000,0.0000,6.2000,0.0000,0.0000
44136.0000,90.0000,-1559.2000,712.0000,-33.6000,0.0000,6.2000,0.0000,0.0000
45137.0000,91.0000,-1603.9000,1001.0000,-44.7000,7.6000,6.2000,0.0000,0.0000
45314.0000,92.0000,-1612.4000,177.0000,-8.5000,0.0000,6.2000,0.0000,0.0000
45653.0000,93.0000,-1594.8000,339.0000,17.6000,33.9000,17.6000,0.0000,0.0000
46251.0000,94.0000,-1619.5000,598.0000,-24.7000,0.0000,17.6000,0.0000,0.0000
47041.0000,95.0000,-1611.3000,790.0000,8.2000,49.1000,17.6000,0.0000,0.0000
47205.0000,96.0000,-1618.8000,164.0000,-7.5000,0.0000,17.6000,0.0000,0.0000
48015.0000,97.0000,-1625.1000,810.0000,-6.3000,30.0000,17.6000,0.0000,0.0000
48548.0000,98.0000,-1654.5000,533.0000,-29.4000,3.7000,17.6000,0.0000,0.0000
48967.0000,99.0000,-1650.0000,419.0000,4.5000,22.5000,17.6000,0.0000,0.0000
