steps,episode,total_return,episode_len,episode_return,total_upright,best_episode_reward,mean_greedy_rewards,std_greedy_rewards
1001.0000,0.0000,-42.8000,1001.0000,-42.8000,0.0000,-42.8000,-17.2250,3.6985
2002.0000,1.0000,-75.2000,1001.0000,-32.4000,17.1000,-32.4000,-17.2250,3.6985
2380.0000,2.0000,-106.4000,378.0000,-31.2000,0.0000,-31.2000,-17.2250,3.6985
2700.0000,3.0000,-122.2000,320.0000,-15.8000,0.0000,-15.8000,-17.2250,3.6985
2937.0000,4.0000,-126.0000,237.0000,-3.8000,0.0000,-3.8000,-17.2250,3.6985
3085.0000,5.0000,-137.3000,148.0000,-11.3000,0.0000,-3.8000,-17.2250,3.6985
3181.0000,6.0000,-146.8000,96.0000,-9.5000,0.0000,-3.8000,-17.2250,3.6985
3380.0000,7.0000,-154.9000,199.0000,-8.1000,0.0000,-3.8000,-17.2250,3.6985
3482.0000,8.0000,-158.9000,102.0000,-4.0000,0.0000,-3.8000,-17.2250,3.6985
3601.0000,9.0000,-169.8000,119.0000,-10.9000,0.0000,-3.8000,-17.2250,3.6985
3694.0000,10.0000,-175.5000,93.0000,-5.7000,0.0000,-3.8000,-6.9750,0.0786
3819.0000,11.0000,-181.4000,125.0000,-5.9000,0.0000,-3.8000,-6.9750,0.0786
3905.0000,12.0000,-189.9000,86.0000,-8.5000,0.0000,-3.8000,-6.9750,0.0786
3997.0000,13.0000,-197.1000,92.0000,-7.2000,0.0000,-3.8000,-6.9750,0.0786
4088.0000,14.0000,-204.8000,91.0000,-7.7000,0.0000,-3.8000,-6.9750,0.0786
4194.0000,15.0000,-209.4000,106.0000,-4.6000,0.0000,-3.8000,-6.9750,0.0786
4300.0000,16.0000,-215.1000,106.0000,-5.7000,0.0000,-3.8000,-6.9750,0.0786
4599.0000,17.0000,-211.3000,299.0000,3.8000,22.5000,3.8000,-6.9750,0.0786
4735.0000,18.0000,-220.7000,136.0000,-9.4000,0.0000,3.8000,-6.9750,0.0786
5167.0000,19.0000,-241.0000,432.0000,-20.3000,12.7000,3.8000,-6.9750,0.0786
5402.0000,20.0000,-254.4000,235.0000,-13.4000,0.0000,3.8000,-7.1700,0.2577
5485.0000,21.0000,-262.0000,83.0000,-7.6000,0.0000,3.8000,-7.1700,0.2577
5964.0000,22.0000,-288.8000,479.0000,-26.8000,0.0000,3.8000,-7.1700,0.2577
6053.0000,23.0000,-295.8000,89.0000,-7.0000,0.0000,3.8000,-7.1700,0.2577
6182.0000,24.0000,-303.0000,129.0000,-7.2000,0.0000,3.8000,-7.1700,0.2577
6289.0000,25.0000,-311.2000,107.0000,-8.2000,0.0000,3.8000,-7.1700,0.2577
6411.0000,26.0000,-320.0000,122.0000,-8.8000,0.0000,3.8000,-7.1700,0.2577
6769.0000,27.0000,-340.8000,358.0000,-20.8000,0.0000,3.8000,-7.1700,0.2577
6896.0000,28.0000,-346.0000,127.0000,-5.2000,0.0000,3.8000,-7.1700,0.2577
7438.0000,29.0000,-392.1000,542.0000,-46.1000,0.0000,3.8000,-7.1700,0.2577
7551.0000,30.0000,-397.9000,113.0000,-5.8000,0.0000,3.8000,-5.5100,0.1021
7653.0000,31.0000,-406.3000,102.0000,-8.4000,0.0000,3.8000,-5.5100,0.1021
8654.0000,32.0000,-483.3000,1001.0000,-77.0000,0.0000,3.8000,-5.5100,0.1021
8989.0000,33.0000,-496.9000,335.0000,-13.6000,0.0000,3.8000,-5.5100,0.1021
9990.0000,34.0000,-542.1000,1001.0000,-45.2000,0.0000,3.8000,-5.5100,0.1021
10463.0000,35.0000,-569.2000,473.0000,-27.1000,0.0000,3.8000,-5.5100,0.1021
11019.0000,36.0000,-591.6000,556.0000,-22.4000,0.0000,3.8000,-5.5100,0.1021
11167.0000,37.0000,-597.2000,148.0000,-5.6000,0.0000,3.8000,-5.5100,0.1021
11340.0000,38.0000,-603.1000,173.0000,-5.9000,0.0000,3.8000,-5.5100,0.1021
12085.0000,39.0000,-651.5000,745.0000,-48.4000,0.0000,3.8000,-5.5100,0.1021
12380.0000,40.0000,-669.4000,295.0000,-17.9000,0.0000,3.8000,-49.9500,5.7586
12609.0000,41.0000,-685.6000,229.0000,-16.2000,0.0000,3.8000,-49.9500,5.7586
12888.0000,42.0000,-698.7000,279.0000,-13.1000,0.0000,3.8000,-49.9500,5.7586
13151.0000,43.0000,-712.6000,263.0000,-13.9000,0.0000,3.8000,-49.9500,5.7586
13655.0000,44.0000,-741.3000,504.0000,-28.7000,2.9000,3.8000,-49.9500,5.7586
14048.0000,45.0000,-764.4000,393.0000,-23.1000,0.0000,3.8000,-49.9500,5.7586
14354.0000,46.0000,-781.0000,306.0000,-16.6000,0.0000,3.8000,-49.9500,5.7586
14849.0000,47.0000,-813.6000,495.0000,-32.6000,0.0000,3.8000,-49.9500,5.7586
15118.0000,48.0000,-824.2000,269.0000,-10.6000,0.0000,3.8000,-49.9500,5.7586
15899.0000,49.0000,-870.0000,781.0000,-45.8000,0.0000,3.8000,-49.9500,5.7586
16771.0000,50.0000,-913.4000,872.0000,-43.4000,0.0000,3.8000,-11.7400,4.5854
17556.0000,51.0000,-956.6000,785.0000,-43.2000,9.0000,3.8000,-11.7400,4.5854
17851.0000,52.0000,-973.0000,295.0000,-16.4000,0.0000,3.8000,-11.7400,4.5854
18178.0000,53.0000,-992.0000,327.0000,-19.0000,0.0000,3.8000,-11.7400,4.5854
19179.0000,54.0000,-1014.2000,1001.0000,-22.2000,37.7000,3.8000,-11.7400,4.5854
19336.0000,55.0000,-1024.0000,157.0000,-9.8000,0.0000,3.8000,-11.7400,4.5854
19602.0000,56.0000,-1041.0000,266.0000,-17.0000,0.0000,3.8000,-11.7400,4.5854
20537.0000,57.0000,-1094.3000,935.0000,-53.3000,12.6000,3.8000,-11.7400,4.5854
20764.0000,58.0000,-1108.8000,227.0000,-14.5000,0.0000,3.8000,-11.7400,4.5854
21220.0000,59.0000,-1124.6000,456.0000,-15.8000,0.0000,3.8000,-11.7400,4.5854
21612.0000,60.0000,-1104.0000,392.0000,20.6000,48.0000,20.6000,-8.6400,9.4908
21768.0000,61.0000,-1115.2000,156.0000,-11.2000,0.0000,20.6000,-8.6400,9.4908
22769.0000,62.0000,-1169.5000,1001.0000,-54.3000,0.0000,20.6000,-8.6400,9.4908
23120.0000,63.0000,-1176.9000,351.0000,-7.4000,12.8000,20.6000,-8.6400,9.4908
23420.0000,64.0000,-1176.6000,300.0000,0.3000,13.6000,20.6000,-8.6400,9.4908
24257.0000,65.0000,-1233.2000,837.0000,-56.6000,0.0000,20.6000,-8.6400,9.4908
25258.0000,66.0000,-1296.8000,1001.0000,-63.6000,13.5000,20.6000,-8.6400,9.4908
25362.0000,67.0000,-1302.4000,104.0000,-5.6000,0.0000,20.6000,-8.6400,9.4908
25485.0000,68.0000,-1309.8000,123.0000,-7.4000,0.0000,20.6000,-8.6400,9.4908
26486.0000,69.0000,-1335.2000,1001.0000,-25.4000,0.0000,20.6000,-8.6400,9.4908
27487.0000,70.0000,-1384.8000,1001.0000,-49.6000,0.0000,20.6000,15.8200,41.9153
27639.0000,71.0000,-1393.0000,152.0000,-8.2000,0.0000,20.6000,15.8200,41.9153
27750.0000,72.0000,-1400.9000,111.0000,-7.9000,0.0000,20.6000,15.8200,41.9153
28140.0000,73.0000,-1428.9000,390.0000,-28.0000,0.0000,20.6000,15.8200,41.9153
28422.0000,74.0000,-1449.0000,282.0000,-20.1000,0.0000,20.6000,15.8200,41.9153
28764.0000,75.0000,-1468.6000,342.0000,-19.6000,0.0000,20.6000,15.8200,41.9153
29765.0000,76.0000,-1517.6000,1001.0000,-49.0000,0.0000,20.6000,15.8200,41.9153
30481.0000,77.0000,-1549.9000,716.0000,-32.3000,3.6000,20.6000,15.8200,41.9153
30954.0000,78.0000,-1584.1000,473.0000,-34.2000,0.0000,20.6000,15.8200,41.9153
31955.0000,79.0000,-1562.0000,1001.0000,22.1000,80.1000,22.1000,15.8200,41.9153
32359.0000,80.0000,-1584.2000,404.0000,-22.2000,0.0000,22.1000,-5.8500,21.9257
32808.0000,81.0000,-1612.3000,449.0000,-28.1000,0.0000,22.1000,-5.8500,21.9257
33809.0000,82.0000,-1633.3000,1001.0000,-21.0000,41.9000,22.1000,-5.8500,21.9257
34156.0000,83.0000,-1635.2000,347.0000,-1.9000,19.8000,22.1000,-5.8500,21.9257
34809.0000,84.0000,-1675.8000,653.0000,-40.6000,0.9000,22.1000,-5.8500,21.9257
35810.0000,85.0000,-1750.1000,1001.0000,-74.3000,0.0000,22.1000,-5.8500,21.9257
35930.0000,86.0000,-1756.8000,120.0000,-6.7000,0.0000,22.1000,-5.8500,21.9257
36123.0000,87.0000,-1765.5000,193.0000,-8.7000,0.0000,22.1000,-5.8500,21.9257
37124.0000,88.0000,-1827.2000,1001.0000,-61.7000,0.0000,22.1000,-5.8500,21.9257
38125.0000,89.0000,-1862.0000,1001.0000,-34.8000,18.5000,22.1000,-5.8500,21.9257
39126.0000,90.0000,-1920.4000,1001.0000,-58.4000,0.0000,22.1000,3.4400,16.7582
39475.0000,91.0000,-1943.5000,349.0000,-23.1000,0.0000,22.1000,3.4400,16.7582
39742.0000,92.0000,-1949.1000,267.0000,-5.6000,0.0000,22.1000,3.4400,16.7582
40743.0000,93.0000,-2000.1000,1001.0000,-51.0000,0.0000,22.1000,3.4400,16.7582
41744.0000,94.0000,-2058.9000,1001.0000,-58.8000,0.0000,22.1000,3.4400,16.7582
42745.0000,95.0000,-2081.8000,1001.0000,-22.9000,17.9000,22.1000,3.4400,16.7582
43251.0000,96.0000,-2101.2000,506.0000,-19.4000,0.0000,22.1000,3.4400,16.7582
44252.0000,97.0000,-2160.0000,1001.0000,-58.8000,0.0000,22.1000,3.4400,16.7582
45115.0000,98.0000,-2195.0000,863.0000,-35.0000,0.0000,22.1000,3.4400,16.7582
46116.0000,99.0000,-2163.7000,1001.0000,31.3000,71.2000,31.3000,3.4400,16.7582
47117.0000,100.0000,-2199.7000,1001.0000,-36.0000,0.0000,31.3000,21.4150,60.9035
48118.0000,101.0000,-2174.9000,1001.0000,24.8000,60.3000,31.3000,21.4150,60.9035
49119.0000,102.0000,-2126.7000,1001.0000,48.2000,100.5000,48.2000,21.4150,60.9035
49374.0000,103.0000,-2142.6000,255.0000,-15.9000,0.0000,48.2000,21.4150,60.9035
50052.0000,104.0000,-2187.9000,678.0000,-45.3000,0.0000,48.2000,21.4150,60.9035
51053.0000,105.0000,-2228.4000,1001.0000,-40.5000,13.1000,48.2000,21.4150,60.9035
51869.0000,106.0000,-2284.8000,816.0000,-56.4000,0.0000,48.2000,21.4150,60.9035
52587.0000,107.0000,-2285.0000,718.0000,-0.2000,40.1000,48.2000,21.4150,60.9035
52867.0000,108.0000,-2294.0000,280.0000,-9.0000,0.0000,48.2000,21.4150,60.9035
53868.0000,109.0000,-2347.8000,1001.0000,-53.8000,0.0000,48.2000,21.4150,60.9035
54236.0000,110.0000,-2339.7000,368.0000,8.1000,30.4000,48.2000,0.0000,0.0000
54803.0000,111.0000,-2299.6000,567.0000,40.1000,70.0000,48.2000,0.0000,0.0000
55804.0000,112.0000,-2355.7000,1001.0000,-56.1000,0.0000,48.2000,0.0000,0.0000
56805.0000,113.0000,-2367.1000,1001.0000,-11.4000,43.4000,48.2000,0.0000,0.0000
57806.0000,114.0000,-2435.7000,1001.0000,-68.6000,0.0000,48.2000,0.0000,0.0000
58807.0000,115.0000,-2500.9000,1001.0000,-65.2000,0.0000,48.2000,0.0000,0.0000
59808.0000,116.0000,-2445.0000,1001.0000,55.9000,93.1000,55.9000,0.0000,0.0000
60809.0000,117.0000,-2490.1000,1001.0000,-45.1000,0.0000,55.9000,0.0000,0.0000
61260.0000,118.0000,-2512.7000,451.0000,-22.6000,0.0000,55.9000,0.0000,0.0000
62261.0000,119.0000,-2557.8000,1001.0000,-45.1000,0.0000,55.9000,0.0000,0.0000
63262.0000,120.0000,-2617.9000,1001.0000,-60.1000,3.8000,55.9000,18.7950,23.7477
64263.0000,121.0000,-2613.4000,1001.0000,4.5000,42.5000,55.9000,18.7950,23.7477
64563.0000,122.0000,-2629.4000,300.0000,-16.0000,0.0000,55.9000,18.7950,23.7477
65564.0000,123.0000,-2656.2000,1001.0000,-26.8000,36.7000,55.9000,18.7950,23.7477
66565.0000,124.0000,-2707.9000,1001.0000,-51.7000,0.0000,55.9000,18.7950,23.7477
67114.0000,125.0000,-2738.1000,549.0000,-30.2000,0.0000,55.9000,18.7950,23.7477
67435.0000,126.0000,-2744.3000,321.0000,-6.2000,11.9000,55.9000,18.7950,23.7477
67862.0000,127.0000,-2767.9000,427.0000,-23.6000,0.0000,55.9000,18.7950,23.7477
68566.0000,128.0000,-2705.7000,704.0000,62.2000,93.4000,62.2000,18.7950,23.7477
69567.0000,129.0000,-2730.8000,1001.0000,-25.1000,41.8000,62.2000,18.7950,23.7477
70360.0000,130.0000,-2667.6000,793.0000,63.2000,95.9000,63.2000,-0.2700,2.5098
70478.0000,131.0000,-2674.2000,118.0000,-6.6000,0.0000,63.2000,-0.2700,2.5098
71233.0000,132.0000,-2718.9000,755.0000,-44.7000,0.0000,63.2000,-0.2700,2.5098
71630.0000,133.0000,-2741.1000,397.0000,-22.2000,0.0000,63.2000,-0.2700,2.5098
72232.0000,134.0000,-2753.5000,602.0000,-12.4000,18.8000,63.2000,-0.2700,2.5098
73233.0000,135.0000,-2779.8000,1001.0000,-26.3000,49.1000,63.2000,-0.2700,2.5098
74234.0000,136.0000,-2504.1000,1001.0000,275.7000,312.0000,275.7000,-0.2700,2.5098
74883.0000,137.0000,-2538.9000,649.0000,-34.8000,8.9000,275.7000,-0.2700,2.5098
75512.0000,138.0000,-2571.6000,629.0000,-32.7000,0.0000,275.7000,-0.2700,2.5098
75761.0000,139.0000,-2575.9000,249.0000,-4.3000,13.9000,275.7000,-0.2700,2.5098
76256.0000,140.0000,-2563.3000,495.0000,12.6000,40.5000,275.7000,-0.4350,25.2969
77175.0000,141.0000,-2570.1000,919.0000,-6.8000,45.0000,275.7000,-0.4350,25.2969
78153.0000,142.0000,-2613.2000,978.0000,-43.1000,4.9000,275.7000,-0.4350,25.2969
78837.0000,143.0000,-2523.2000,684.0000,90.0000,114.6000,275.7000,-0.4350,25.2969
78945.0000,144.0000,-2531.6000,108.0000,-8.4000,0.0000,275.7000,-0.4350,25.2969
79292.0000,145.0000,-2539.4000,347.0000,-7.8000,12.0000,275.7000,-0.4350,25.2969
80231.0000,146.0000,-2350.8000,939.0000,188.6000,226.1000,275.7000,-0.4350,25.2969
81232.0000,147.0000,-2109.3000,1001.0000,241.5000,284.7000,275.7000,-0.4350,25.2969
81653.0000,148.0000,-2136.3000,421.0000,-27.0000,0.0000,275.7000,-0.4350,25.2969
82123.0000,149.0000,-2139.0000,470.0000,-2.7000,29.3000,275.7000,-0.4350,25.2969
83124.0000,150.0000,-2186.4000,1001.0000,-47.4000,0.0000,275.7000,116.0950,108.2668
83739.0000,151.0000,-2220.5000,615.0000,-34.1000,0.0000,275.7000,116.0950,108.2668
84402.0000,152.0000,-2254.0000,663.0000,-33.5000,0.0000,275.7000,116.0950,108.2668
84979.0000,153.0000,-2281.6000,577.0000,-27.6000,0.0000,275.7000,116.0950,108.2668
85548.0000,154.0000,-2308.9000,569.0000,-27.3000,0.0000,275.7000,116.0950,108.2668
86439.0000,155.0000,-2350.9000,891.0000,-42.0000,0.0000,275.7000,116.0950,108.2668
87123.0000,156.0000,-2340.3000,684.0000,10.6000,41.5000,275.7000,116.0950,108.2668
88124.0000,157.0000,-2392.2000,1001.0000,-51.9000,0.0000,275.7000,116.0950,108.2668
88796.0000,158.0000,-2389.8000,672.0000,2.4000,38.4000,275.7000,116.0950,108.2668
89525.0000,159.0000,-2384.9000,729.0000,4.9000,35.9000,275.7000,116.0950,108.2668
90526.0000,160.0000,-2082.7000,1001.0000,302.2000,329.5000,302.2000,59.5150,31.7439
90973.0000,161.0000,-2107.3000,447.0000,-24.6000,0.0000,302.2000,59.5150,31.7439
91392.0000,162.0000,-2137.8000,419.0000,-30.5000,0.0000,302.2000,59.5150,31.7439
92393.0000,163.0000,-2136.9000,1001.0000,0.9000,38.9000,302.2000,59.5150,31.7439
92850.0000,164.0000,-2145.8000,457.0000,-8.9000,13.5000,302.2000,59.5150,31.7439
93586.0000,165.0000,-2136.7000,736.0000,9.1000,51.9000,302.2000,59.5150,31.7439
94587.0000,166.0000,-1892.8000,1001.0000,243.9000,280.7000,302.2000,59.5150,31.7439
95588.0000,167.0000,-1599.9000,1001.0000,292.9000,318.5000,302.2000,59.5150,31.7439
95701.0000,168.0000,-1607.9000,113.0000,-8.0000,0.0000,302.2000,59.5150,31.7439
96702.0000,169.0000,-1547.4000,1001.0000,60.5000,112.3000,302.2000,59.5150,31.7439
97703.0000,170.0000,-1540.0000,1001.0000,7.4000,59.6000,302.2000,140.7050,75.5500
98704.0000,171.0000,-1415.8000,1001.0000,124.2000,162.0000,302.2000,140.7050,75.5500
99670.0000,172.0000,-1346.1000,966.0000,69.7000,117.9000,302.2000,140.7050,75.5500
100518.0000,173.0000,-1284.9000,848.0000,61.2000,102.6000,302.2000,140.7050,75.5500
101331.0000,174.0000,-1240.4000,813.0000,44.5000,77.0000,302.2000,140.7050,75.5500
101791.0000,175.0000,-1144.4000,460.0000,96.0000,118.0000,302.2000,140.7050,75.5500
102792.0000,176.0000,-1190.4000,1001.0000,-46.0000,9.6000,302.2000,140.7050,75.5500
103793.0000,177.0000,-792.2000,1001.0000,398.2000,431.8000,398.2000,140.7050,75.5500
104038.0000,178.0000,-806.0000,245.0000,-13.8000,2.8000,398.2000,140.7050,75.5500
105039.0000,179.0000,-865.4000,1001.0000,-59.4000,0.0000,398.2000,140.7050,75.5500
105561.0000,180.0000,-883.3000,522.0000,-17.9000,16.6000,398.2000,119.8100,48.7278
105889.0000,181.0000,-895.4000,328.0000,-12.1000,8.2000,398.2000,119.8100,48.7278
106403.0000,182.0000,-933.5000,514.0000,-38.1000,0.0000,398.2000,119.8100,48.7278
107404.0000,183.0000,-676.5000,1001.0000,257.0000,279.6000,398.2000,119.8100,48.7278
108405.0000,184.0000,-672.8000,1001.0000,3.7000,63.7000,398.2000,119.8100,48.7278
109406.0000,185.0000,-726.5000,1001.0000,-53.7000,0.0000,398.2000,119.8100,48.7278
109662.0000,186.0000,-744.4000,256.0000,-17.9000,0.0000,398.2000,119.8100,48.7278
110663.0000,187.0000,-643.3000,1001.0000,101.1000,146.8000,398.2000,119.8100,48.7278
111664.0000,188.0000,-576.3000,1001.0000,67.0000,126.0000,398.2000,119.8100,48.7278
112665.0000,189.0000,-497.4000,1001.0000,78.9000,119.1000,398.2000,119.8100,48.7278
113666.0000,190.0000,-156.6000,1001.0000,340.8000,374.0000,398.2000,104.2100,58.9488
114667.0000,191.0000,-139.5000,1001.0000,17.1000,62.8000,398.2000,104.2100,58.9488
115554.0000,192.0000,-81.4000,887.0000,58.1000,109.8000,398.2000,104.2100,58.9488
116555.0000,193.0000,-100.1000,1001.0000,-18.7000,16.5000,398.2000,104.2100,58.9488
117556.0000,194.0000,49.5000,1001.0000,149.6000,188.4000,398.2000,104.2100,58.9488
118557.0000,195.0000,268.7000,1001.0000,219.2000,254.2000,398.2000,104.2100,58.9488
119558.0000,196.0000,274.9000,1001.0000,6.2000,64.4000,398.2000,104.2100,58.9488
120559.0000,197.0000,223.3000,1001.0000,-51.6000,0.0000,398.2000,104.2100,58.9488
121560.0000,198.0000,214.7000,1001.0000,-8.6000,20.7000,398.2000,104.2100,58.9488
122561.0000,199.0000,145.7000,1001.0000,-69.0000,4.8000,398.2000,104.2100,58.9488
