steps,episode,total_return,episode_len,episode_return,total_upright,best_episode_reward,mean_greedy_rewards,std_greedy_rewards
368.0000,0.0000,-15.6000,368.0000,-15.6000,0.0000,-15.6000,0.0000,0.0000
554.0000,1.0000,-21.7000,186.0000,-6.1000,0.0000,-6.1000,0.0000,0.0000
723.0000,2.0000,-25.7000,169.0000,-4.0000,0.0000,-4.0000,0.0000,0.0000
876.0000,3.0000,-31.6000,153.0000,-5.9000,0.0000,-4.0000,0.0000,0.0000
1077.0000,4.0000,-41.1000,201.0000,-9.5000,0.0000,-4.0000,0.0000,0.0000
1350.0000,5.0000,-52.0000,273.0000,-10.9000,0.0000,-4.0000,0.0000,0.0000
1556.0000,6.0000,-61.4000,206.0000,-9.4000,0.0000,-4.0000,0.0000,0.0000
2054.0000,7.0000,-76.9000,498.0000,-15.5000,0.0000,-4.0000,0.0000,0.0000
2243.0000,8.0000,-83.8000,189.0000,-6.9000,0.0000,-4.0000,0.0000,0.0000
2400.0000,9.0000,-90.8000,157.0000,-7.0000,0.0000,-4.0000,0.0000,0.0000
2547.0000,10.0000,-95.4000,147.0000,-4.6000,0.0000,-4.0000,0.0000,0.0000
2717.0000,11.0000,-101.9000,170.0000,-6.5000,0.0000,-4.0000,0.0000,0.0000
2887.0000,12.0000,-110.7000,170.0000,-8.8000,0.0000,-4.0000,0.0000,0.0000
3038.0000,13.0000,-116.8000,151.0000,-6.1000,0.0000,-4.0000,0.0000,0.0000
3209.0000,14.0000,-122.0000,171.0000,-5.2000,0.0000,-4.0000,0.0000,0.0000
3377.0000,15.0000,-127.0000,168.0000,-5.0000,0.0000,-4.0000,0.0000,0.0000
3620.0000,16.0000,-133.3000,243.0000,-6.3000,0.0000,-4.0000,0.0000,0.0000
3849.0000,17.0000,-139.1000,229.0000,-5.8000,0.0000,-4.0000,0.0000,0.0000
4088.0000,18.0000,-146.2000,239.0000,-7.1000,0.0000,-4.0000,0.0000,0.0000
4435.0000,19.0000,-155.9000,347.0000,-9.7000,0.0000,-4.0000,0.0000,0.0000
4816.0000,20.0000,-165.7000,381.0000,-9.8000,0.0000,-4.0000,0.0000,0.0000
5581.0000,21.0000,-187.4000,765.0000,-21.7000,0.0000,-4.0000,0.0000,0.0000
5936.0000,22.0000,-196.4000,355.0000,-9.0000,0.0000,-4.0000,0.0000,0.0000
6937.0000,23.0000,-222.3000,1001.0000,-25.9000,6.0000,-4.0000,0.0000,0.0000
7643.0000,24.0000,-245.8000,706.0000,-23.5000,0.0000,-4.0000,0.0000,0.0000
8350.0000,25.0000,-263.6000,707.0000,-17.8000,0.0000,-4.0000,0.0000,0.0000
9236.0000,26.0000,-290.5000,886.0000,-26.9000,0.0000,-4.0000,0.0000,0.0000
9982.0000,27.0000,-315.5000,746.0000,-25.0000,0.0000,-4.0000,0.0000,0.0000
10804.0000,28.0000,-337.5000,822.0000,-22.0000,0.0000,-4.0000,0.0000,0.0000
11274.0000,29.0000,-347.7000,470.0000,-10.2000,0.0000,-4.0000,0.0000,0.0000
11565.0000,30.0000,-355.5000,291.0000,-7.8000,0.0000,-4.0000,-4.7600,5.4912
12440.0000,31.0000,-377.0000,875.0000,-21.5000,0.0000,-4.0000,-4.7600,5.4912
13441.0000,32.0000,-403.2000,1001.0000,-26.2000,0.0000,-4.0000,-4.7600,5.4912
14340.0000,33.0000,-423.4000,899.0000,-20.2000,0.0000,-4.0000,-4.7600,5.4912
15341.0000,34.0000,-428.3000,1001.0000,-4.9000,18.9000,-4.0000,-4.7600,5.4912
16342.0000,35.0000,-426.1000,1001.0000,2.2000,22.0000,2.2000,-4.7600,5.4912
17343.0000,36.0000,-452.9000,1001.0000,-26.8000,0.0000,2.2000,-4.7600,5.4912
17963.0000,37.0000,-470.8000,620.0000,-17.9000,0.0000,2.2000,-4.7600,5.4912
18964.0000,38.0000,-430.5000,1001.0000,40.3000,58.0000,40.3000,-4.7600,5.4912
19965.0000,39.0000,-456.2000,1001.0000,-25.7000,0.0000,40.3000,-4.7600,5.4912
20558.0000,40.0000,-472.6000,593.0000,-16.4000,0.0000,40.3000,0.0000,0.0000
21559.0000,41.0000,-476.3000,1001.0000,-3.7000,16.0000,40.3000,0.0000,0.0000
22353.0000,42.0000,-493.7000,794.0000,-17.4000,0.0000,40.3000,0.0000,0.0000
23354.0000,43.0000,-525.5000,1001.0000,-31.8000,0.0000,40.3000,0.0000,0.0000
24140.0000,44.0000,-549.0000,786.0000,-23.5000,0.0000,40.3000,0.0000,0.0000
24977.0000,45.0000,-555.3000,837.0000,-6.3000,19.0000,40.3000,0.0000,0.0000
25978.0000,46.0000,-539.7000,1001.0000,15.6000,42.7000,40.3000,0.0000,0.0000
26979.0000,47.0000,-547.5000,1001.0000,-7.8000,24.7000,40.3000,0.0000,0.0000
27881.0000,48.0000,-583.1000,902.0000,-35.6000,0.0000,40.3000,0.0000,0.0000
28670.0000,49.0000,-603.8000,789.0000,-20.7000,0.0000,40.3000,0.0000,0.0000
29483.0000,50.0000,-632.7000,813.0000,-28.9000,0.0000,40.3000,0.0000,0.0000
30459.0000,51.0000,-639.2000,976.0000,-6.5000,21.4000,40.3000,0.0000,0.0000
31460.0000,52.0000,-669.8000,1001.0000,-30.6000,0.0000,40.3000,0.0000,0.0000
32461.0000,53.0000,-703.0000,1001.0000,-33.2000,0.0000,40.3000,0.0000,0.0000
33462.0000,54.0000,-688.4000,1001.0000,14.6000,46.1000,40.3000,0.0000,0.0000
34463.0000,55.0000,-717.3000,1001.0000,-28.9000,0.0000,40.3000,0.0000,0.0000
35464.0000,56.0000,-689.9000,1001.0000,27.4000,54.3000,40.3000,0.0000,0.0000
36465.0000,57.0000,-609.9000,1001.0000,80.0000,99.8000,80.0000,0.0000,0.0000
37327.0000,58.0000,-636.6000,862.0000,-26.7000,0.0000,80.0000,0.0000,0.0000
38328.0000,59.0000,-590.4000,1001.0000,46.2000,69.7000,80.0000,0.0000,0.0000
38891.0000,60.0000,-598.2000,563.0000,-7.8000,7.9000,80.0000,0.0000,0.0000
39892.0000,61.0000,-634.9000,1001.0000,-36.7000,0.0000,80.0000,0.0000,0.0000
40668.0000,62.0000,-659.9000,776.0000,-25.0000,0.0000,80.0000,0.0000,0.0000
41669.0000,63.0000,-613.3000,1001.0000,46.6000,80.0000,80.0000,0.0000,0.0000
42670.0000,64.0000,-590.2000,1001.0000,23.1000,53.7000,80.0000,0.0000,0.0000
43671.0000,65.0000,-619.7000,1001.0000,-29.5000,0.0000,80.0000,0.0000,0.0000
44672.0000,66.0000,-591.5000,1001.0000,28.2000,58.0000,80.0000,0.0000,0.0000
45040.0000,67.0000,-610.0000,368.0000,-18.5000,0.0000,80.0000,0.0000,0.0000
46041.0000,68.0000,-557.8000,1001.0000,52.2000,85.9000,80.0000,0.0000,0.0000
47042.0000,69.0000,-513.3000,1001.0000,44.5000,71.9000,80.0000,0.0000,0.0000
48043.0000,70.0000,-457.1000,1001.0000,56.2000,86.1000,80.0000,0.0000,0.0000
49044.0000,71.0000,-433.2000,1001.0000,23.9000,55.0000,80.0000,0.0000,0.0000
49439.0000,72.0000,-448.7000,395.0000,-15.5000,0.0000,80.0000,0.0000,0.0000
50440.0000,73.0000,-433.6000,1001.0000,15.1000,50.0000,80.0000,0.0000,0.0000
51441.0000,74.0000,-429.8000,1001.0000,3.8000,37.5000,80.0000,0.0000,0.0000
52442.0000,75.0000,-396.8000,1001.0000,33.0000,62.0000,80.0000,0.0000,0.0000
53443.0000,76.0000,-374.7000,1001.0000,22.1000,61.6000,80.0000,0.0000,0.0000
54444.0000,77.0000,-384.8000,1001.0000,-10.1000,21.6000,80.0000,0.0000,0.0000
55445.0000,78.0000,-361.7000,1001.0000,23.1000,58.0000,80.0000,0.0000,0.0000
56446.0000,79.0000,-315.3000,1001.0000,46.4000,82.4000,80.0000,0.0000,0.0000
57447.0000,80.0000,-217.0000,1001.0000,98.3000,135.4000,98.3000,-28.0000,0.3742
58448.0000,81.0000,-174.8000,1001.0000,42.2000,83.2000,98.3000,-28.0000,0.3742
59449.0000,82.0000,-204.4000,1001.0000,-29.6000,14.4000,98.3000,-28.0000,0.3742
60450.0000,83.0000,-181.6000,1001.0000,22.8000,68.4000,98.3000,-28.0000,0.3742
61195.0000,84.0000,-180.1000,745.0000,1.5000,28.4000,98.3000,-28.0000,0.3742
62196.0000,85.0000,-161.8000,1001.0000,18.3000,69.0000,98.3000,-28.0000,0.3742
63197.0000,86.0000,-124.8000,1001.0000,37.0000,81.1000,98.3000,-28.0000,0.3742
64198.0000,87.0000,-151.2000,1001.0000,-26.4000,25.4000,98.3000,-28.0000,0.3742
65137.0000,88.0000,-209.6000,939.0000,-58.4000,0.0000,98.3000,-28.0000,0.3742
65703.0000,89.0000,-192.9000,566.0000,16.7000,43.0000,98.3000,-28.0000,0.3742
66704.0000,90.0000,-254.3000,1001.0000,-61.4000,0.9000,98.3000,-17.2200,0.3564
67700.0000,91.0000,-307.2000,996.0000,-52.9000,0.0000,98.3000,-17.2200,0.3564
68701.0000,92.0000,-347.3000,1001.0000,-40.1000,5.6000,98.3000,-17.2200,0.3564
69702.0000,93.0000,-326.1000,1001.0000,21.2000,68.7000,98.3000,-17.2200,0.3564
70703.0000,94.0000,-337.1000,1001.0000,-11.0000,25.5000,98.3000,-17.2200,0.3564
71704.0000,95.0000,-285.1000,1001.0000,52.0000,89.1000,98.3000,-17.2200,0.3564
72705.0000,96.0000,-278.1000,1001.0000,7.0000,46.2000,98.3000,-17.2200,0.3564
