steps,episode,total_return,episode_len,episode_return,total_upright,best_episode_reward,mean_greedy_rewards,std_greedy_rewards
215.0000,0.0000,-16.0000,215.0000,-16.0000,0.0000,-16.0000,0.0000,0.0000
307.0000,1.0000,-24.8000,92.0000,-8.8000,0.0000,-8.8000,0.0000,0.0000
467.0000,2.0000,-33.2000,160.0000,-8.4000,0.0000,-8.4000,0.0000,0.0000
594.0000,3.0000,-40.6000,127.0000,-7.4000,0.0000,-7.4000,0.0000,0.0000
729.0000,4.0000,-47.9000,135.0000,-7.3000,0.0000,-7.3000,0.0000,0.0000
1423.0000,5.0000,-78.1000,694.0000,-30.2000,0.0000,-7.3000,0.0000,0.0000
1999.0000,6.0000,-96.6000,576.0000,-18.5000,0.0000,-7.3000,0.0000,0.0000
2249.0000,7.0000,-101.7000,250.0000,-5.1000,0.0000,-5.1000,0.0000,0.0000
2362.0000,8.0000,-108.1000,113.0000,-6.4000,0.0000,-5.1000,0.0000,0.0000
2876.0000,9.0000,-122.6000,514.0000,-14.5000,0.0000,-5.1000,0.0000,0.0000
3762.0000,10.0000,-129.6000,886.0000,-7.0000,0.0000,-5.1000,0.0000,0.0000
4724.0000,11.0000,-160.6000,962.0000,-31.0000,0.0000,-5.1000,0.0000,0.0000
4889.0000,12.0000,-168.4000,165.0000,-7.8000,0.0000,-5.1000,0.0000,0.0000
5547.0000,13.0000,-185.0000,658.0000,-16.6000,0.0000,-5.1000,0.0000,0.0000
6548.0000,14.0000,-204.0000,1001.0000,-19.0000,0.0000,-5.1000,0.0000,0.0000
7549.0000,15.0000,-206.5000,1001.0000,-2.5000,0.0000,-2.5000,0.0000,0.0000
8550.0000,16.0000,-222.1000,1001.0000,-15.6000,0.0000,-2.5000,0.0000,0.0000
9551.0000,17.0000,-222.1000,1001.0000,-0.0000,14.4000,-0.0000,0.0000,0.0000
9894.0000,18.0000,-218.8000,343.0000,3.3000,13.5000,3.3000,0.0000,0.0000
10302.0000,19.0000,-234.6000,408.0000,-15.8000,0.0000,3.3000,0.0000,0.0000
10620.0000,20.0000,-247.8000,318.0000,-13.2000,0.0000,3.3000,0.0000,0.0000
10795.0000,21.0000,-250.6000,175.0000,-2.8000,0.0000,3.3000,0.0000,0.0000
11137.0000,22.0000,-269.4000,342.0000,-18.8000,0.0000,3.3000,0.0000,0.0000
11453.0000,23.0000,-284.1000,316.0000,-14.7000,0.0000,3.3000,0.0000,0.0000
11599.0000,24.0000,-289.1000,146.0000,-5.0000,0.0000,3.3000,0.0000,0.0000
11831.0000,25.0000,-298.6000,232.0000,-9.5000,0.0000,3.3000,0.0000,0.0000
12082.0000,26.0000,-313.4000,251.0000,-14.8000,0.0000,3.3000,0.0000,0.0000
12206.0000,27.0000,-317.3000,124.0000,-3.9000,0.0000,3.3000,0.0000,0.0000
12306.0000,28.0000,-322.2000,100.0000,-4.9000,0.0000,3.3000,0.0000,0.0000
12534.0000,29.0000,-335.0000,228.0000,-12.8000,0.0000,3.3000,0.0000,0.0000
12954.0000,30.0000,-351.3000,420.0000,-16.3000,0.0000,3.3000,-6.3400,3.0050
13361.0000,31.0000,-364.8000,407.0000,-13.5000,0.0000,3.3000,-6.3400,3.0050
13822.0000,32.0000,-388.2000,461.0000,-23.4000,0.0000,3.3000,-6.3400,3.0050
14266.0000,33.0000,-389.2000,444.0000,-1.0000,13.8000,3.3000,-6.3400,3.0050
15197.0000,34.0000,-405.5000,931.0000,-16.3000,13.9000,3.3000,-6.3400,3.0050
15487.0000,35.0000,-421.1000,290.0000,-15.6000,0.0000,3.3000,-6.3400,3.0050
15804.0000,36.0000,-435.8000,317.0000,-14.7000,0.0000,3.3000,-6.3400,3.0050
16173.0000,37.0000,-453.3000,369.0000,-17.5000,0.0000,3.3000,-6.3400,3.0050
17106.0000,38.0000,-489.5000,933.0000,-36.2000,0.0000,3.3000,-6.3400,3.0050
17382.0000,39.0000,-503.1000,276.0000,-13.6000,0.0000,3.3000,-6.3400,3.0050
18383.0000,40.0000,-548.1000,1001.0000,-45.0000,0.0000,3.3000,-10.7500,2.9318
18738.0000,41.0000,-566.6000,355.0000,-18.5000,0.0000,3.3000,-10.7500,2.9318
19739.0000,42.0000,-566.6000,1001.0000,0.0000,27.9000,3.3000,-10.7500,2.9318
20740.0000,43.0000,-519.4000,1001.0000,47.2000,73.7000,47.2000,-10.7500,2.9318
21741.0000,44.0000,-519.8000,1001.0000,-0.4000,25.0000,47.2000,-10.7500,2.9318
22276.0000,45.0000,-510.8000,535.0000,9.0000,32.0000,47.2000,-10.7500,2.9318
23188.0000,46.0000,-551.7000,912.0000,-40.9000,0.0000,47.2000,-10.7500,2.9318
23949.0000,47.0000,-563.8000,761.0000,-12.1000,14.9000,47.2000,-10.7500,2.9318
24950.0000,48.0000,-548.7000,1001.0000,15.1000,41.9000,47.2000,-10.7500,2.9318
25659.0000,49.0000,-505.7000,709.0000,43.0000,70.0000,47.2000,-10.7500,2.9318
25996.0000,50.0000,-495.9000,337.0000,9.8000,20.5000,47.2000,57.5450,73.9526
26318.0000,51.0000,-480.0000,322.0000,15.9000,25.3000,47.2000,57.5450,73.9526
27319.0000,52.0000,-351.5000,1001.0000,128.5000,158.5000,128.5000,57.5450,73.9526
27792.0000,53.0000,-349.9000,473.0000,1.6000,19.0000,128.5000,57.5450,73.9526
28294.0000,54.0000,-346.5000,502.0000,3.4000,18.1000,128.5000,57.5450,73.9526
28864.0000,55.0000,-359.8000,570.0000,-13.3000,17.2000,128.5000,57.5450,73.9526
29284.0000,56.0000,-379.1000,420.0000,-19.3000,0.0000,128.5000,57.5450,73.9526
30285.0000,57.0000,-384.8000,1001.0000,-5.7000,29.7000,128.5000,57.5450,73.9526
30577.0000,58.0000,-407.3000,292.0000,-22.5000,0.0000,128.5000,57.5450,73.9526
31578.0000,59.0000,-386.4000,1001.0000,20.9000,61.8000,128.5000,57.5450,73.9526
32186.0000,60.0000,-291.4000,608.0000,95.0000,117.0000,128.5000,77.2300,37.9088
33187.0000,61.0000,-163.0000,1001.0000,128.4000,167.8000,128.5000,77.2300,37.9088
33598.0000,62.0000,-122.5000,411.0000,40.5000,55.1000,128.5000,77.2300,37.9088
34599.0000,63.0000,-92.4000,1001.0000,30.1000,67.5000,128.5000,77.2300,37.9088
34997.0000,64.0000,-62.2000,398.0000,30.2000,49.5000,128.5000,77.2300,37.9088
35673.0000,65.0000,8.8000,676.0000,71.0000,101.1000,128.5000,77.2300,37.9088
36674.0000,66.0000,30.2000,1001.0000,21.4000,81.5000,128.5000,77.2300,37.9088
37441.0000,67.0000,158.1000,767.0000,127.9000,153.3000,128.5000,77.2300,37.9088
37695.0000,68.0000,202.9000,254.0000,44.8000,56.0000,128.5000,77.2300,37.9088
38221.0000,69.0000,273.8000,526.0000,70.9000,92.7000,128.5000,77.2300,37.9088
39222.0000,70.0000,405.9000,1001.0000,132.1000,190.6000,132.1000,63.8750,34.4669
40223.0000,71.0000,493.2000,1001.0000,87.3000,129.7000,132.1000,63.8750,34.4669
41224.0000,72.0000,592.0000,1001.0000,98.8000,153.8000,132.1000,63.8750,34.4669
41497.0000,73.0000,670.0000,273.0000,78.0000,88.3000,132.1000,63.8750,34.4669
41866.0000,74.0000,780.0000,369.0000,110.0000,124.0000,132.1000,63.8750,34.4669
42088.0000,75.0000,819.6000,222.0000,39.6000,52.1000,132.1000,63.8750,34.4669
43089.0000,76.0000,910.9000,1001.0000,91.3000,143.9000,132.1000,63.8750,34.4669
43318.0000,77.0000,934.3000,229.0000,23.4000,39.6000,132.1000,63.8750,34.4669
43535.0000,78.0000,973.7000,217.0000,39.4000,52.3000,132.1000,63.8750,34.4669
43806.0000,79.0000,1040.3000,271.0000,66.6000,80.8000,132.1000,63.8750,34.4669
44409.0000,80.0000,1221.6000,603.0000,181.3000,205.7000,181.3000,68.4250,87.3970
45410.0000,81.0000,1217.7000,1001.0000,-3.9000,56.6000,181.3000,68.4250,87.3970
45961.0000,82.0000,1316.6000,551.0000,98.9000,114.9000,181.3000,68.4250,87.3970
46184.0000,83.0000,1344.2000,223.0000,27.6000,39.6000,181.3000,68.4250,87.3970
46404.0000,84.0000,1359.0000,220.0000,14.8000,28.2000,181.3000,68.4250,87.3970
47405.0000,85.0000,1480.2000,1001.0000,121.2000,170.5000,181.3000,68.4250,87.3970
47658.0000,86.0000,1525.5000,253.0000,45.3000,62.6000,181.3000,68.4250,87.3970
48659.0000,87.0000,1779.8000,1001.0000,254.3000,290.8000,254.3000,68.4250,87.3970
49660.0000,88.0000,1919.0000,1001.0000,139.2000,184.4000,254.3000,68.4250,87.3970
50661.0000,89.0000,1977.4000,1001.0000,58.4000,106.0000,254.3000,68.4250,87.3970
51662.0000,90.0000,2290.2000,1001.0000,312.8000,346.7000,312.8000,206.9200,60.6812
52663.0000,91.0000,2388.0000,1001.0000,97.8000,142.1000,312.8000,206.9200,60.6812
53664.0000,92.0000,2564.1000,1001.0000,176.1000,214.7000,312.8000,206.9200,60.6812
54665.0000,93.0000,2913.6000,1001.0000,349.5000,384.2000,349.5000,206.9200,60.6812
55458.0000,94.0000,2982.8000,793.0000,69.2000,108.3000,349.5000,206.9200,60.6812
56459.0000,95.0000,3095.5000,1001.0000,112.7000,165.8000,349.5000,206.9200,60.6812
57460.0000,96.0000,3291.7000,1001.0000,196.2000,239.1000,349.5000,206.9200,60.6812
58461.0000,97.0000,3500.8000,1001.0000,209.1000,253.4000,349.5000,206.9200,60.6812
59462.0000,98.0000,3513.4000,1001.0000,12.6000,58.7000,349.5000,206.9200,60.6812
60463.0000,99.0000,3706.6000,1001.0000,193.2000,222.7000,349.5000,206.9200,60.6812
61464.0000,100.0000,3903.9000,1001.0000,197.3000,244.1000,349.5000,316.2850,96.8405
62465.0000,101.0000,4152.4000,1001.0000,248.5000,282.5000,349.5000,316.2850,96.8405
63466.0000,102.0000,4339.0000,1001.0000,186.6000,237.3000,349.5000,316.2850,96.8405
64040.0000,103.0000,4462.9000,574.0000,123.9000,147.6000,349.5000,316.2850,96.8405
65041.0000,104.0000,4587.8000,1001.0000,124.9000,170.3000,349.5000,316.2850,96.8405
66042.0000,105.0000,4735.4000,1001.0000,147.6000,191.5000,349.5000,316.2850,96.8405
67043.0000,106.0000,4910.9000,1001.0000,175.5000,212.1000,349.5000,316.2850,96.8405
68044.0000,107.0000,5080.4000,1001.0000,169.5000,210.0000,349.5000,316.2850,96.8405
69045.0000,108.0000,5262.8000,1001.0000,182.4000,218.1000,349.5000,316.2850,96.8405
70046.0000,109.0000,5516.8000,1001.0000,254.0000,285.0000,349.5000,316.2850,96.8405
71047.0000,110.0000,5748.7000,1001.0000,231.9000,267.9000,349.5000,151.0500,17.2145
72048.0000,111.0000,5864.1000,1001.0000,115.4000,153.2000,349.5000,151.0500,17.2145
73049.0000,112.0000,5989.3000,1001.0000,125.2000,167.8000,349.5000,151.0500,17.2145
74050.0000,113.0000,6220.4000,1001.0000,231.1000,265.3000,349.5000,151.0500,17.2145
74663.0000,114.0000,6335.9000,613.0000,115.5000,146.7000,349.5000,151.0500,17.2145
75664.0000,115.0000,6578.7000,1001.0000,242.8000,277.8000,349.5000,151.0500,17.2145
76665.0000,116.0000,6626.9000,1001.0000,48.2000,105.0000,349.5000,151.0500,17.2145
77666.0000,117.0000,6780.2000,1001.0000,153.3000,199.4000,349.5000,151.0500,17.2145
78667.0000,118.0000,6884.0000,1001.0000,103.8000,159.6000,349.5000,151.0500,17.2145
78791.0000,119.0000,6876.3000,124.0000,-7.7000,0.0000,349.5000,151.0500,17.2145
79792.0000,120.0000,7004.2000,1001.0000,127.9000,186.1000,349.5000,291.3650,104.7502
79894.0000,121.0000,6996.6000,102.0000,-7.6000,0.0000,349.5000,291.3650,104.7502
79984.0000,122.0000,6988.1000,90.0000,-8.5000,0.0000,349.5000,291.3650,104.7502
80985.0000,123.0000,7041.0000,1001.0000,52.9000,104.4000,349.5000,291.3650,104.7502
81365.0000,124.0000,7023.7000,380.0000,-17.3000,0.0000,349.5000,291.3650,104.7502
82246.0000,125.0000,7084.1000,881.0000,60.4000,106.2000,349.5000,291.3650,104.7502
82411.0000,126.0000,7076.9000,165.0000,-7.2000,0.0000,349.5000,291.3650,104.7502
82541.0000,127.0000,7069.7000,130.0000,-7.2000,0.0000,349.5000,291.3650,104.7502
83542.0000,128.0000,7002.3000,1001.0000,-67.4000,0.0000,349.5000,291.3650,104.7502
83645.0000,129.0000,6993.0000,103.0000,-9.3000,0.0000,349.5000,291.3650,104.7502
83769.0000,130.0000,6986.3000,124.0000,-6.7000,0.0000,349.5000,190.2350,4.4476
83905.0000,131.0000,6978.8000,136.0000,-7.5000,0.0000,349.5000,190.2350,4.4476
84064.0000,132.0000,6971.1000,159.0000,-7.7000,0.0000,349.5000,190.2350,4.4476
84171.0000,133.0000,6964.5000,107.0000,-6.6000,0.0000,349.5000,190.2350,4.4476
84287.0000,134.0000,6955.5000,116.0000,-9.0000,0.0000,349.5000,190.2350,4.4476
84470.0000,135.0000,6946.8000,183.0000,-8.7000,0.0000,349.5000,190.2350,4.4476
84606.0000,136.0000,6939.0000,136.0000,-7.8000,0.0000,349.5000,190.2350,4.4476
84720.0000,137.0000,6932.7000,114.0000,-6.3000,0.0000,349.5000,190.2350,4.4476
84847.0000,138.0000,6927.6000,127.0000,-5.1000,0.0000,349.5000,190.2350,4.4476
84970.0000,139.0000,6921.8000,123.0000,-5.8000,0.0000,349.5000,190.2350,4.4476
85069.0000,140.0000,6914.9000,99.0000,-6.9000,0.0000,349.5000,251.6250,53.1289
85174.0000,141.0000,6908.0000,105.0000,-6.9000,0.0000,349.5000,251.6250,53.1289
85302.0000,142.0000,6903.0000,128.0000,-5.0000,0.0000,349.5000,251.6250,53.1289
85417.0000,143.0000,6896.3000,115.0000,-6.7000,0.0000,349.5000,251.6250,53.1289
85537.0000,144.0000,6889.3000,120.0000,-7.0000,0.0000,349.5000,251.6250,53.1289
85728.0000,145.0000,6882.6000,191.0000,-6.7000,0.0000,349.5000,251.6250,53.1289
85844.0000,146.0000,6873.2000,116.0000,-9.4000,0.0000,349.5000,251.6250,53.1289
85964.0000,147.0000,6866.8000,120.0000,-6.4000,0.0000,349.5000,251.6250,53.1289
86089.0000,148.0000,6860.4000,125.0000,-6.4000,0.0000,349.5000,251.6250,53.1289
86191.0000,149.0000,6853.2000,102.0000,-7.2000,0.0000,349.5000,251.6250,53.1289
86285.0000,150.0000,6846.5000,94.0000,-6.7000,0.0000,349.5000,150.5350,86.1521
86382.0000,151.0000,6840.1000,97.0000,-6.4000,0.0000,349.5000,150.5350,86.1521
86491.0000,152.0000,6834.0000,109.0000,-6.1000,0.0000,349.5000,150.5350,86.1521
86591.0000,153.0000,6826.4000,100.0000,-7.6000,0.0000,349.5000,150.5350,86.1521
86698.0000,154.0000,6818.5000,107.0000,-7.9000,0.0000,349.5000,150.5350,86.1521
86800.0000,155.0000,6811.1000,102.0000,-7.4000,0.0000,349.5000,150.5350,86.1521
86918.0000,156.0000,6804.8000,118.0000,-6.3000,0.0000,349.5000,150.5350,86.1521
87020.0000,157.0000,6800.0000,102.0000,-4.8000,0.0000,349.5000,150.5350,86.1521
87121.0000,158.0000,6792.5000,101.0000,-7.5000,0.0000,349.5000,150.5350,86.1521
87217.0000,159.0000,6785.6000,96.0000,-6.9000,0.0000,349.5000,150.5350,86.1521
87318.0000,160.0000,6778.6000,101.0000,-7.0000,0.0000,349.5000,148.7950,55.6909
87479.0000,161.0000,6769.1000,161.0000,-9.5000,0.0000,349.5000,148.7950,55.6909
87642.0000,162.0000,6762.0000,163.0000,-7.1000,0.0000,349.5000,148.7950,55.6909
87742.0000,163.0000,6755.2000,100.0000,-6.8000,0.0000,349.5000,148.7950,55.6909
87851.0000,164.0000,6747.2000,109.0000,-8.0000,0.0000,349.5000,148.7950,55.6909
87956.0000,165.0000,6738.9000,105.0000,-8.3000,0.0000,349.5000,148.7950,55.6909
88069.0000,166.0000,6732.1000,113.0000,-6.8000,0.0000,349.5000,148.7950,55.6909
88171.0000,167.0000,6725.7000,102.0000,-6.4000,0.0000,349.5000,148.7950,55.6909
88273.0000,168.0000,6720.9000,102.0000,-4.8000,0.0000,349.5000,148.7950,55.6909
88372.0000,169.0000,6714.5000,99.0000,-6.4000,0.0000,349.5000,148.7950,55.6909
88476.0000,170.0000,6706.5000,104.0000,-8.0000,0.0000,349.5000,224.6850,5.9867
88591.0000,171.0000,6697.7000,115.0000,-8.8000,0.0000,349.5000,224.6850,5.9867
88696.0000,172.0000,6691.2000,105.0000,-6.5000,0.0000,349.5000,224.6850,5.9867
88825.0000,173.0000,6685.6000,129.0000,-5.6000,0.0000,349.5000,224.6850,5.9867
88944.0000,174.0000,6677.7000,119.0000,-7.9000,0.0000,349.5000,224.6850,5.9867
89058.0000,175.0000,6669.4000,114.0000,-8.3000,0.0000,349.5000,224.6850,5.9867
89174.0000,176.0000,6660.5000,116.0000,-8.9000,0.0000,349.5000,224.6850,5.9867
89279.0000,177.0000,6653.7000,105.0000,-6.8000,0.0000,349.5000,224.6850,5.9867
89375.0000,178.0000,6647.2000,96.0000,-6.5000,0.0000,349.5000,224.6850,5.9867
89483.0000,179.0000,6640.1000,108.0000,-7.1000,0.0000,349.5000,224.6850,5.9867
89588.0000,180.0000,6632.6000,105.0000,-7.5000,0.0000,349.5000,185.0000,67.0060
89720.0000,181.0000,6625.4000,132.0000,-7.2000,0.0000,349.5000,185.0000,67.0060
89824.0000,182.0000,6618.3000,104.0000,-7.1000,0.0000,349.5000,185.0000,67.0060
89929.0000,183.0000,6612.3000,105.0000,-6.0000,0.0000,349.5000,185.0000,67.0060
90033.0000,184.0000,6605.3000,104.0000,-7.0000,0.0000,349.5000,185.0000,67.0060
90139.0000,185.0000,6598.3000,106.0000,-7.0000,0.0000,349.5000,185.0000,67.0060
90239.0000,186.0000,6591.3000,100.0000,-7.0000,0.0000,349.5000,185.0000,67.0060
90350.0000,187.0000,6584.8000,111.0000,-6.5000,0.0000,349.5000,185.0000,67.0060
90509.0000,188.0000,6575.9000,159.0000,-8.9000,0.0000,349.5000,185.0000,67.0060
90674.0000,189.0000,6565.4000,165.0000,-10.5000,0.0000,349.5000,185.0000,67.0060
90781.0000,190.0000,6556.5000,107.0000,-8.9000,0.0000,349.5000,74.0350,31.8362
90884.0000,191.0000,6547.8000,103.0000,-8.7000,0.0000,349.5000,74.0350,31.8362
90994.0000,192.0000,6539.9000,110.0000,-7.9000,0.0000,349.5000,74.0350,31.8362
91114.0000,193.0000,6532.0000,120.0000,-7.9000,0.0000,349.5000,74.0350,31.8362
91223.0000,194.0000,6523.9000,109.0000,-8.1000,0.0000,349.5000,74.0350,31.8362
91329.0000,195.0000,6514.3000,106.0000,-9.6000,0.0000,349.5000,74.0350,31.8362
91436.0000,196.0000,6505.7000,107.0000,-8.6000,0.0000,349.5000,74.0350,31.8362
91547.0000,197.0000,6495.2000,111.0000,-10.5000,0.0000,349.5000,74.0350,31.8362
91652.0000,198.0000,6487.3000,105.0000,-7.9000,0.0000,349.5000,74.0350,31.8362
91763.0000,199.0000,6481.4000,111.0000,-5.9000,0.0000,349.5000,74.0350,31.8362
